theta s11 s12 s13 s14 s21 s22 s23 s24 s31 s32 s33 s34 s41 s42 s43 s44
0.00 1.9622289170E+01 0.0000000000E+00 0.0000000000E+00 1.1576661046E-07 0.0000000000E+00 1.9622289170E+01 1.8677924361E-06 0.0000000000E+00 0.0000000000E+00 -1.8677924361E-06 1.9622289170E+01 0.0000000000E+00 1.1576661046E-07 0.0000000000E+00 0.0000000000E+00 1.9622289170E+01
1.00 1.9551109831E+01 1.5220593924E-03 1.5135260746E-07 1.6180259972E-09 1.5220593924E-03 1.9551109831E+01 1.9074264068E-06 8.3321752466E-09 1.5120401142E-07 -1.9074140977E-06 1.9551109732E+01 -1.2392228215E-03 1.6269612217E-09 -8.4529483997E-09 1.2392228215E-03 1.9551109732E+01
2.00 1.9338966446E+01 6.0321205089E-03 3.0079514018E-07 -1.0660699340E-07 6.0321205089E-03 1.9338966446E+01 1.9340204813E-06 1.9038478271E-08 3.0021908576E-07 -1.9339218256E-06 1.9338964876E+01 -4.9323657233E-03 -1.0653637014E-07 -1.9564975211E-08 4.9323657233E-03 1.9338964876E+01
3.00 1.8990004197E+01 1.3364157263E-02 4.4611851295E-07 -2.0694945481E-07 1.3364157263E-02 1.8990004197E+01 1.9478306709E-06 3.2091323140E-08 4.4486772352E-07 -1.9474981879E-06 1.8989996305E+01 -1.1006051165E-02 -2.0671429256E-07 -3.3365690056E-08 1.1006051165E-02 1.8989996305E+01
4.00 1.8511004309E+01 2.3247485803E-02 5.8521468755E-07 -2.9769500221E-07 2.3247485803E-02 1.8511004309E+01 1.9492925269E-06 4.7417265023E-08 5.8307784204E-07 -1.9485081146E-06 1.8510979608E+01 -1.9339301622E-02 -2.9714578044E-07 -4.9826895342E-08 1.9339301622E-02 1.8510979608E+01
5.00 1.7911197371E+01 3.5315622137E-02 7.1611660748E-07 -3.7741280012E-07 3.5315622137E-02 1.7911197371E+01 1.9389976512E-06 6.4908228595E-08 7.1292128889E-07 -1.9374776662E-06 1.7911137822E+01 -2.9765527896E-02 -3.7635727089E-07 -6.8872380917E-08 2.9765527896E-02 1.7911137822E+01
6.00 1.7202010724E+01 4.9118324441E-02 8.3703294786E-07 -4.4498456068E-07 4.9118324441E-02 1.7202010724E+01 1.9176684278E-06 8.4432918214E-08 8.3264718337E-07 -1.9150708284E-06 1.7201889141E+01 -4.2075328957E-02 -4.4319216464E-07 -9.0388333687E-08 4.2075328957E-02 1.7201889141E+01
7.00 1.6396758226E+01 6.4136468573E-02 9.4637713896E-07 -4.9962305439E-07 6.4136468573E-02 1.6396758226E+01 1.8861320050E-06 1.0584745783E-07 9.4070959425E-07 -1.8820653190E-06 1.6396537091E+01 -5.6020112427E-02 -4.9682981270E-07 -1.1423343438E-07 5.6020112427E-02 1.6396537091E+01
8.00 1.5510282577E+01 7.9799315219E-02 1.0427903680E-06 -5.4087986571E-07 7.9799315219E-02 1.5510282577E+01 1.8452944770E-06 1.2900438289E-07 1.0357893026E-06 -1.8393283198E-06 1.5509913334E+01 -7.1316537916E-02 -5.3679378680E-07 -1.4024777290E-07 7.1316537916E-02 1.5509913334E+01
9.00 1.4558561830E+01 9.5503645485E-02 1.1251584955E-06 -5.6864256866E-07 9.5503645485E-02 1.4558561830E+01 1.7961161142E-06 1.5375923231E-07 1.1168096236E-06 -1.7877929544E-06 1.4557984709E+01 -8.7651772545E-02 -5.6294963782E-07 -1.6825982436E-07 8.7651772545E-02 1.4557984709E+01
10.00 1.3558292771E+01 1.1063417127E-01 1.1926230271E-06 -5.8312188445E-07 1.1063417127E-01 1.3558292771E+01 1.7395883370E-06 1.7997418045E-07 1.1829464591E-06 -1.7284361897E-06 1.3557437186E+01 -1.0468952887E-01 -5.7549272111E-07 -1.9809090537E-07 1.0468952887E-01 1.3557437186E+01
11.00 1.2526464387E+01 1.2458457015E-01 1.2445864627E-06 -5.8482973787E-07 1.2458457015E-01 1.2526464387E+01 1.6767129883E-06 2.0751837338E-07 1.2336329239E-06 -1.6622587024E-06 1.2525249937E+01 -1.2207683043E-01 -5.7492700828E-07 -2.2955674048E-07 1.2207683043E-01 1.2525249937E+01
12.00 1.1479934787E+01 1.3677845460E-01 1.2807124782E-06 -5.7454941294E-07 1.3677845460E-01 1.1479934787E+01 1.6084842784E-06 2.3626490481E-07 1.2685590117E-06 -1.5902670831E-06 1.1478272852E+01 -1.3945142025E-01 -5.6203607183E-07 -2.6246602800E-07 1.3945142025E-01 1.1478272852E+01
13.00 1.0435024518E+01 1.4668956551E-01 1.3009214901E-06 -5.5329924846E-07 1.4668956551E-01 1.0435024518E+01 1.5358736159E-06 2.6608462813E-07 1.2876668575E-06 -1.5134585910E-06 1.0432820441E+01 -1.5644969407E-01 -5.3784765181E-07 -2.9661614477E-07 1.5644969407E-01 1.0432820441E+01
14.00 9.4071384195E+00 1.5386048157E-01 1.3053822129E-06 -5.2229146138E-07 1.5386048157E-01 9.4071384195E+00 1.4598173874E-06 2.9683727555E-07 1.2911421960E-06 -1.4328085335E-06 9.4042942172E+00 -1.7271500519E-01 -5.0359334345E-07 -3.3178639632E-07 1.7271500518E-01 9.4042942172E+00
15.00 8.4104268985E+00 1.5791916287E-01 1.2944998231E-06 -4.8288777145E-07 1.5791916287E-01 8.4104268985E+00 1.3812075974E-06 3.2836059976E-07 1.2794026169E-06 -1.3492601957E-06 8.4068444396E+00 -1.8790615295E-01 -4.6066501373E-07 -3.6772945761E-07 1.8790615295E-01 8.4068444396E+00
16.00 7.4574959068E+00 1.5859269885E-01 1.2689013252E-06 -4.3655350934E-07 1.5859269885E-01 7.4574959068E+00 1.3008851671E-06 3.6045845144E-07 1.2530831884E-06 -1.2637171400E-06 7.4530804579E+00 -2.0170583597E-01 -4.1056955079E-07 -4.0416184484E-07 2.0170583597E-01 7.4530804579E+00
17.00 6.5591730040E+00 1.5571770841E-01 1.2294186610E-06 -3.8481182697E-07 1.5571770841E-01 6.5591730040E+00 1.2196356042E-06 3.9288885354E-07 1.2130199635E-06 -1.1770376116E-06 6.5538370231E+00 -2.1382882458E-01 -3.5488347632E-07 -4.4075440637E-07 2.1382882458E-01 6.5538370231E+00
18.00 5.7243347796E+00 1.4924694363E-01 1.1770700248E-06 -3.2919950625E-07 1.4924694363E-01 5.7243347796E+00 1.1381866767E-06 4.2535321324E-07 1.1602317950E-06 -1.0900307143E-06 5.7180018155E+00 -2.2402958952E-01 -2.9520882501E-07 -4.7712390339E-07 2.2402958952E-01 5.7180018155E+00
19.00 4.9597986602E+00 1.3925177400E-01 1.1130397610E-06 -2.7122568338E-07 1.3925177400E-01 4.9597986602E+00 1.0572077021E-06 4.5748781803E-07 1.0959008016E-06 -1.0034540010E-06 4.9524071977E+00 -2.3210911562E-01 -2.3313151753E-07 -5.1282676158E-07 2.3210911561E-01 4.9524071977E+00
20.00 4.2702798448E+00 1.2592037445E-01 1.0386571290E-06 -2.1233460243E-07 1.2592037445E-01 4.2702798448E+00 9.7731004563E-07 4.8885867071E-07 1.0213517341E-06 -9.1801211126E-07 4.2617869239E+00 -2.3792063272E-01 -1.7018325930E-07 -5.4735599061E-07 2.3792063272E-01 4.2617869239E+00
21.00 3.6584118668E+00 1.0955160065E-01 9.5537412967E-07 -1.5387324760E-07 1.0955160065E-01 3.6584118668E+00 8.9904843754E-07 5.1896059210E-07 9.3803039907E-07 -8.3435610554E-07 3.6487962974E+00 -2.4137401304E-01 -1.0780774938E-07 -5.8014215048E-07 2.4137401304E-01 3.6487962974E+00
22.00 3.1248271671E+00 9.0544704728E-02 8.6474252177E-07 -9.7064474522E-08 9.0544704728E-02 3.1248271671E+00 8.2292275563E-07 5.4722126658E-07 8.4748123664E-07 -7.5308318658E-07 3.1140921630E+00 -2.4243861353E-01 -4.7331778005E-08 -6.1055900036E-07 2.4243861353E-01 3.1140921630E+00
23.00 2.6682921509E+00 6.9385215857E-02 7.6839009684E-07 -4.2985983087E-08 6.9385215857E-02 2.6682921509E+00 7.4937996827E-07 5.7301064852E-07 7.5132409680E-07 -6.7473654784E-07 2.6564672179E+00 -2.4114438485E-01 1.0058455894E-08 -6.3793421799E-07 2.4114438485E-01 2.6564672179E+00
24.00 2.2858895603E+00 4.6627475725E-02 6.6799625402E-07 7.4447597560E-09 4.6627475725E-02 2.2858895603E+00 6.7881599217E-07 5.9565581093E-07 6.5123023191E-07 -5.9980514972E-07 2.2730314934E+00 -2.3758112332E-01 6.3335674051E-08 -6.6156525106E-07 2.3758112332E-01 2.2730314934E+00
25.00 1.9732396753E+00 2.2874470579E-02 5.6526692490E-07 5.3479766635E-08 2.2874470579E-02 1.9732396753E+00 6.1157729427E-07 6.1446097592E-07 5.4889754409E-07 -5.2872329923E-07 1.9594325479E+00 -2.3189580700E-01 1.1164455088E-07 -6.8074003001E-07 2.3189580700E-01 1.9594325479E+00
26.00 1.7247509003E+00 -1.2442684229E-03 4.6190890798E-07 9.4544257631E-08 -1.2442684227E-03 1.7247509003E+00 5.4796211916E-07 6.2873211292E-07 4.4602514069E-07 -4.6186996043E-07 1.7101049674E+00 -2.2428802977E-01 1.5430965353E-07 -6.9476192532E-07 2.2428802977E-01 1.7101049674E+00
27.00 1.5338897233E+00 -2.5095823919E-02 3.5960374243E-07 1.3023534024E-07 -2.5095823919E-02 1.5338897233E+00 4.8822130667E-07 6.3780516236E-07 3.4428732853E-07 -3.9956780423E-07 1.5185392074E+00 -2.1500362440E-01 1.9083861524E-07 -7.0297801209E-07 2.1500362440E-01 1.5185392074E+00
28.00 1.3934598604E+00 -4.8067171934E-02 2.5998130915E-07 1.6031623593E-07 -4.8067171934E-02 1.3934598604E+00 4.3255870484E-07 6.4107665206E-07 2.4530724239E-07 -3.4208204378E-07 1.3775596365E+00 -2.0432664367E-01 2.2092095241E-07 -7.0480941825E-07 2.0432664367E-01 1.3775596365E+00
29.00 1.2958806037E+00 -6.9587618927E-02 1.6459344664E-07 1.8470671931E-07 -6.9587618927E-02 1.2958806037E+00 3.8113124667E-07 6.3803523722E-07 1.5063040917E-07 -2.8961916119E-07 1.2796018596E+00 -1.9256994422E-01 2.4442297816E-07 -6.9978230200E-07 1.9256994422E-01 1.2796018596E+00
30.00 1.2334549662E+00 -8.9149450889E-02 7.4887952043E-08 2.0347048661E-07 -8.9149450888E-02 1.2334549662E+00 3.3404878608E-07 6.2829254408E-07 6.1698634299E-08 -2.4232565280E-07 1.2169799661E+00 -1.8006468627E-01 2.6137929266E-07 -6.8755785375E-07 1.8006468627E-01 1.2169799661E+00
31.00 1.1986191078E+00 -1.0632591138E-01 -7.8165573942E-09 2.1680016976E-07 -1.0632591138E-01 1.1986191078E+00 2.9137382452E-07 6.1161162581E-07 -2.0175294329E-08 -2.0028694997E-07 1.1821352450E+00 -1.6714912092E-01 2.7198132212E-07 -6.6795964999E-07 1.6714912092E-01 1.1821352450E+00
32.00 1.1841657033E+00 -1.2078573057E-01 -8.2354373946E-08 2.2500068689E-07 -1.2078573057E-01 1.1841657033E+00 2.5312126885E-07 5.8793136201E-07 -9.3831515937E-08 -1.6352667461E-07 1.1678590730E+00 -1.5415708094E-01 2.7656335475E-07 -6.4099670860E-07 1.5415708094E-01 1.1678590730E+00
33.00 1.1834352996E+00 -1.3230357170E-01 -1.4773439872E-07 2.2847157487E-07 -1.3230357170E-01 1.1834352996E+00 2.1925837145E-07 5.5738526057E-07 -1.5828497965E-07 -1.3200638991E-07 1.1674840647E+00 -1.4140661867E-01 2.7558649697E-07 -6.0688072484E-07 1.4140661867E-01 1.1674840647E+00
34.00 1.1904712539E+00 -1.4076593921E-01 -2.0315915662E-07 2.2768887368E-07 -1.4076593921E-01 1.1904712539E+00 1.8970499551E-07 5.2031332552E-07 -2.1274462875E-07 -1.0562599068E-07 1.1750391040E+00 -1.2918924352E-01 2.6962092934E-07 -5.6603617253E-07 1.2918924352E-01 1.1750391040E+00
35.00 1.2001354753E+00 -1.4617229582E-01 -2.4804045843E-07 2.2318705637E-07 -1.4617229582E-01 1.2001354753E+00 1.6433434141E-07 4.7726595478E-07 -2.5662920393E-07 -8.4224860979E-08 1.1853654939E+00 -1.1776020002E-01 2.5932681480E-07 -5.1910225793E-07 1.1776020002E-01 1.1853654939E+00
36.00 1.2081838376E+00 -1.4863135497E-01 -2.8201107642E-07 2.1554141335E-07 -1.4863135497E-01 1.2081838376E+00 1.4297424725E-07 4.2899919296E-07 -2.8957902265E-07 -6.7583893955E-08 1.1941930895E+00 -1.0733019531E-01 2.4543418715E-07 -4.6692607841E-07 1.0733019531E-01 1.1941930895E+00
37.00 1.2113017299E+00 -1.4835273942E-01 -3.0493185951E-07 2.0535121011E-07 -1.4835273942E-01 1.2113017299E+00 1.2540915852E-07 3.7646107268E-07 -3.1146315433E-07 -5.5428442751E-08 1.1981768614E+00 -9.8058933207E-02 2.2872212913E-07 -4.1054675061E-07 9.8058933207E-02 1.1981768614E+00
38.00 1.2071016970E+00 -1.4563441473E-01 -3.1689381987E-07 1.9322386339E-07 -1.4563441473E-01 1.2071016970E+00 1.1138283421E-07 3.2076921836E-07 -3.2238152254E-07 -4.7432234719E-08 1.1948958063E+00 -9.0050741967E-02 2.0999755305E-07 -3.5117071948E-07 9.0050741967E-02 1.1948958063E+00
39.00 1.1940864464E+00 -1.4084650775E-01 -3.1821485531E-07 1.7976030892E-07 -1.4084650775E-01 1.1940864464E+00 1.0060183121E-07 2.6318032846E-07 -3.2266160058E-07 -4.3222249048E-08 1.1828174262E+00 -8.3352497515E-02 1.9007390609E-07 -2.9013890876E-07 8.3352497515E-02 1.1828174262E+00
40.00 1.1715816101E+00 -1.3441229279E-01 -3.0943094167E-07 1.6554167548E-07 -1.3441229279E-01 1.1715816101E+00 9.2739778454E-08 2.0505256801E-07 -3.1284954010E-07 -4.2384522100E-08 1.1612320987E+00 -7.7953946592E-02 1.6975014073E-07 -2.2888679621E-07 7.7953946592E-02 1.1612320987E+00
41.00 1.1396435204E+00 -1.2678726406E-01 -2.9128180983E-07 1.5111734044E-07 -1.2678726406E-01 1.1396435204E+00 8.7442426610E-08 1.4780228778E-07 -2.9369575472E-07 -4.4470816144E-08 1.1301625174E+00 -7.3790429604E-02 1.4979032398E-07 -1.6889888968E-07 7.3790429604E-02 1.1301625174E+00
42.00 1.0989478614E+00 -1.1843730411E-01 -2.6469132545E-07 1.3699440554E-07 -1.1843730411E-01 1.0989478614E+00 8.4333430434E-08 9.2856789753E-08 -2.6613518443E-07 -4.9006057433E-08 1.0902539806E+00 -7.0747895412E-02 1.3090428026E-07 -1.1165938962E-07 7.0747895412E-02 1.0902539806E+00
43.00 1.0506653903E+00 -1.0981699850E-01 -2.3074298822E-07 1.2362862013E-07 -1.0981699850E-01 1.0506653903E+00 8.3020793200E-08 4.1605097474E-08 -2.3126266557E-07 -5.5496423723E-08 1.0426516297E+00 -6.8669995167E-02 1.1372969633E-07 -5.8601068060E-08 6.8669995167E-02 1.0426516297E+00
44.00 9.9633097369E-01 -1.0134913578E-01 -1.9065116466E-07 1.1141676547E-07 -1.0134913578E-01 9.9633097369E-01 8.3103877136E-08 -4.6511828571E-09 -1.9030402662E-07 -6.3437940178E-08 9.8887079873E-01 -6.7366944717E-02 9.8816124767E-08 -1.1054523574E-08 6.7366944717E-02 9.8887079873E-01
45.00 9.3771198204E-01 -9.3406367194E-02 -1.4572884350E-07 1.0069051823E-07 -9.3406367194E-02 9.3771198204E-01 8.4180858595E-08 -4.4744785249E-08 -1.4458370327E-07 -7.2325424019E-08 9.3066643861E-01 -6.6625759901E-02 8.6611330479E-08 2.9799988758E-08 6.6625759901E-02 9.3066643861E-01
46.00 8.7668164246E-01 -8.6295887203E-02 -9.7352854842E-08 9.1711811875E-08 -8.6295887203E-02 8.7668164246E-01 8.5856482235E-08 -7.7685442389E-08 -9.5489815850E-08 -8.1661602875E-08 8.6990714916E-01 -6.6221400776E-02 7.7450401912E-08 6.2976035289E-08 6.6221400776E-02 8.6990714916E-01
47.00 8.1510230612E-01 -8.0247838388E-02 -4.6927605447E-08 8.4669722431E-08 -8.0247838388E-02 8.1510230612E-01 8.7749950647E-08 -1.0269640131E-07 -4.4437760635E-08 -9.0966224728E-08 8.0845872586E-01 -6.5928313043E-02 7.1548012722E-08 8.7717850434E-08 6.5928313043E-02 8.0845872586E-01
48.00 7.5472277526E-01 -7.5407951259E-02 4.1515377364E-09 7.9678906535E-08 -7.5407951259E-02 7.5472277526E-01 8.9502760650E-08 -1.1924318390E-07 7.1665558692E-09 -9.9784963158E-08 7.4808133753E-01 -6.5531830609E-02 6.8994153719E-08 1.0352889237E-07 6.5531830609E-02 7.4808133753E-01
49.00 6.9709290512E-01 -7.1834710740E-02 5.4534063772E-08 7.6779618867E-08 -7.1834710740E-02 6.9709290512E-01 9.0786290655E-08 -1.2705332460E-07 5.7962692957E-08 -1.0769792765E-07 6.9034354437E-01 -6.4838903912E-02 6.9753569250E-08 1.1019080931E-07 6.4838903912E-02 6.9034354437E-01
50.00 6.4349769273E-01 -6.9501108244E-02 1.0294819587E-07 7.5939328949E-08 -6.9501108244E-02 6.4349769273E-01 9.1308926330E-08 -1.2612621778E-07 1.0666973020E-07 -1.1432758186E-07 6.3655538674E-01 -6.3687644865E-02 7.3669025387E-08 1.0777193880E-07 6.3687644865E-02 6.3655538674E-01
51.00 5.9491203424E-01 -6.8300803416E-02 1.4823176595E-07 7.7055938912E-08 -6.8300803416E-02 5.9491203424E-01 9.0822511985E-08 -1.1673265468E-07 1.5211734149E-07 -1.1934588393E-07 5.8772176935E-01 -6.1955230367E-02 8.0468409832E-08 9.6624933346E-08 6.1955230367E-02 5.8772176935E-01
52.00 5.5197632388E-01 -6.8058295236E-02 1.8935912995E-07 7.9962581914E-08 -6.8058295236E-02 5.5197632388E-01 8.9127915963E-08 -9.9404085090E-08 1.9327293847E-07 -1.2248047044E-07 5.4451637869E-01 -5.9563780143E-02 8.9775529570E-08 7.7373585616E-08 5.9563780143E-02 5.4451637869E-01
53.00 5.1499211998E-01 -6.8542499928E-02 2.2546332168E-07 8.4433946095E-08 -6.8542499928E-02 5.1499211998E-01 8.6079508775E-08 -7.4912095955E-08 2.2926408480E-07 -1.2351972156E-07 5.0727544425E-01 -5.6483918166E-02 1.0112432792E-07 5.0889408924E-08 5.6483918166E-02 5.0727544425E-01
54.00 4.8393625684E-01 -6.9482963623E-02 2.5585282507E-07 9.0194030155E-08 -6.9482963622E-02 4.8393625684E-01 8.1588372569E-08 -4.4239022370E-08 2.5939556234E-07 -1.2231656558E-07 4.7600982140E-01 -5.2735835803E-02 1.1397610365E-07 1.8258976320E-08 5.2735835803E-02 4.7600982140E-01
55.00 4.5849106429E-01 -7.0587809620E-02 2.8002255350E-07 9.6925193885E-08 -7.0587809619E-02 4.5849106429E-01 7.5624087671E-08 -8.5409805266E-09 2.8316067500E-07 -1.1879090484E-07 4.5043316768E-01 -4.8387794119E-02 1.2773918700E-07 -1.9256583109E-08 4.8387794119E-02 4.5043316768E-01
56.00 4.3808779445E-01 -7.1562439997E-02 2.9765884405E-07 1.0427831716E-07 -7.1562439997E-02 4.3808779445E-01 6.8214979416E-08 3.0895075610E-08 3.0024659227E-07 -1.1293057664E-07 4.3000342450E-01 -4.3552126784E-02 1.4179041177E-07 -6.0268201747E-08 4.3552126784E-02 4.3000342450E-01
57.00 4.2195996112E-01 -7.2127982911E-02 3.0863850002E-07 1.1188383824E-07 -7.2127982910E-02 4.2195996112E-01 5.9446752956E-08 7.2698445870E-08 3.1053375488E-07 -1.0479079566E-07 4.1397442043E-01 -3.8378927803E-02 1.5549763869E-07 -1.0330963759E-07 3.8378927803E-02 4.1397442043E-01
58.00 4.0920307977E-01 -7.2038501482E-02 3.1302212957E-07 1.1936339750E-07 -7.2038501482E-02 4.0920307977E-01 4.9459493777E-08 1.1546395391E-07 3.1408957599E-07 -9.4492060806E-08 4.0145418512E-01 -3.3047723822E-02 1.6824252468E-07 -1.4689026929E-07 3.3047723822E-02 4.0145418512E-01
59.00 3.9883725283E-01 -7.1096055821E-02 3.1104223122E-07 1.2634177681E-07 -7.1096055820E-02 3.9883725283E-01 3.8443070154E-08 1.5780137949E-07 3.1115687089E-07 -8.2216551485E-08 3.9146650488E-01 -2.7757533261E-02 1.7944270885E-07 -1.8954776065E-07 2.7757533261E-02 3.9146650488E-01
60.00 3.8986916784E-01 -6.9162832097E-02 3.0308664983E-07 1.3245879957E-07 -6.9162832097E-02 3.8986916784E-01 2.6631030185E-08 1.9838308231E-07 3.0213761789E-07 -6.8203076592E-08 3.8301235381E-01 -2.2715798770E-02 1.8857259925E-07 -2.2989848608E-07 2.2715798770E-02 3.8301235381E-01
61.00 3.8135034850E-01 -6.6169714833E-02 2.8967817096E-07 1.3738083943E-07 -6.6169714833E-02 3.8135034850E-01 1.4293146135E-08 2.3598797952E-07 2.8757279557E-07 -5.2740681726E-08 3.7512808266E-01 -1.8126741172E-02 1.9518199069E-07 -2.6668375553E-07 1.8126741172E-02 3.7512808266E-01
62.00 3.7242890052E-01 -6.2120871812E-02 2.7145112648E-07 1.4081158399E-07 -6.2120871812E-02 3.7242890052E-01 1.7268137482E-09 2.6954024890E-07 2.6811914610E-07 -3.6161058171E-08 3.6693762250E-01 -1.4179718671E-02 1.9891182654E-07 -2.9881010780E-07 1.4179718671E-02 3.6693762250E-01
63.00 3.6239249784E-01 -5.7094134878E-02 2.4912594902E-07 1.4250171267E-07 -5.7094134878E-02 3.6239249784E-01 -1.0752437161E-08 2.9814140603E-07 2.4452377871E-07 -1.8829931356E-08 3.5769643663E-01 -1.1038182623E-02 1.9950653142E-07 -3.2538224356E-07 1.1038182623E-02 3.5769643662E-01
64.00 3.5070093353E-01 -5.1237183060E-02 2.2348263812E-07 1.4225717229E-07 -5.1237183059E-02 3.5070093353E-01 -2.2821021984E-08 3.2109472701E-07 2.1759755527E-07 -1.1376392870E-09 3.4682550438E-01 -8.8297997894E-03 1.9682247821E-07 -3.4572752265E-07 8.8297997895E-03 3.4682550438E-01
65.00 3.3700718067E-01 -4.4759755248E-02 1.9533408337E-07 1.3994577504E-07 -4.4759755248E-02 3.3700718067E-01 -3.4157644195E-08 3.3792134555E-07 1.8818818419E-07 1.6510866648E-08 3.3393421672E-01 -7.6382612665E-03 1.9083231110E-07 -3.5941133992E-07 7.6382612666E-03 3.3393421672E-01
66.00 3.2116654247E-01 -3.7922326757E-02 1.6550013740E-07 1.3550189338E-07 -3.7922326757E-02 3.2116654247E-01 -4.4453558293E-08 3.4836772202E-07 1.5715390102E-07 3.3706347572E-08 3.1883167470E-01 -7.4972223094E-03 1.8162501254E-07 -3.6624309676E-07 7.4972223095E-03 3.1883167470E-01
67.00 3.0323408800E-01 -3.1021866925E-02 1.3478324590E-07 1.2892909001E-07 -3.1021866925E-02 3.0323408800E-01 -5.3422408018E-08 3.5240454990E-07 1.2533853314E-07 5.0045669984E-08 3.0152648118E-01 -8.3867182938E-03 1.6940177474E-07 -3.6627288588E-07 8.3867182939E-03 3.0152648118E-01
68.00 2.8345114219E-01 -2.4375444476E-02 1.0394633009E-07 1.2030058700E-07 -2.4375444476E-02 2.8345114219E-01 -6.0809308427E-08 3.5021750823E-07 9.3548639447E-08 6.5142004805E-08 2.8221567651E-01 -1.0232284603E-02 1.5446789866E-07 -3.5977938123E-07 1.0232284603E-02 2.8221567651E-01
69.00 2.6222210323E-01 -1.8302556314E-02 7.3693486397E-08 1.0975755534E-07 -1.8302556314E-02 2.6222210323E-01 -6.6398868322E-08 3.4219058166E-07 6.2533292309E-08 7.8634578760E-08 2.6126396683E-01 -1.2906877743E-02 1.3722110015E-07 -3.4724976457E-07 1.2906877743E-02 2.6126396683E-01
70.00 2.4008327747E-01 -1.3107118747E-02 4.4653925545E-08 9.7505275907E-08 -1.3107118747E-02 2.4008327747E-01 -7.0021891601E-08 3.2888292974E-07 3.2966932453E-08 9.0197739657E-08 2.3917481102E-01 -1.6235557646E-02 1.1813673119E-07 -3.2935280253E-07 1.6235557646E-02 2.3917481102E-01
71.00 2.1766573632E-01 -9.0600750862E-03 1.7369425973E-08 8.3807299269E-08 -9.0600750861E-03 2.1766573632E-01 -7.1560548391E-08 3.1100049699E-07 5.4355877149E-09 9.9549118244E-08 2.1655525313E-01 -2.0002753515E-02 9.7750536059E-08 -3.0690641377E-07 2.0002753515E-02 2.1655525313E-01
72.00 1.9565440305E-01 -6.3835399827E-03 -7.7145681576E-09 6.8977795971E-08 -6.3835399826E-03 1.9565440305E-01 -7.0951870009E-08 2.8936369703E-07 -1.9573391490E-08 1.0645669824E-07 1.9407660286E-01 -2.3961804436E-02 7.6639637265E-08 -2.8084121702E-07 2.3961804436E-02 1.9407660286E-01
73.00 1.7474566483E-01 -5.2373208952E-03 -3.0254209461E-08 5.3372349910E-08 -5.2373208951E-03 1.7474566483E-01 -6.8189488900E-08 2.6487258732E-07 -4.1678055536E-08 1.1074463799E-07 1.7243317187E-01 -2.7846347771E-02 5.5402494613E-08 -2.5216163638E-07 2.7846347771E-02 1.7243317187E-01
74.00 1.5560577946E-01 -5.7085352606E-03 -5.0008997396E-08 3.7377494708E-08 -5.7085352605E-03 1.5560577946E-01 -6.3323614836E-08 2.3847096556E-07 -6.0605128816E-08 1.1229772291E-07 1.5230126956E-01 -3.1383029123E-02 3.4638592354E-08 -2.2190615095E-07 3.1383029123E-02 1.5230126956E-01
75.00 1.3883221227E-01 -7.8048847141E-03 -6.6840248300E-08 2.1399331925E-08 -7.8048847140E-03 1.3883221227E-01 -5.6459308711E-08 2.1111077822E-07 -7.6190023577E-08 1.1106436664E-07 1.3430055304E-01 -3.4304932472E-02 1.4928592764E-08 -1.9110822342E-07 3.4304932472E-02 1.3430055304E-01
76.00 1.2491980844E-01 -1.1451963201E-02 -8.0706599925E-08 5.8515915033E-09 -1.1451963201E-02 1.2491980844E-01 -4.7753177222E-08 1.8371813394E-07 -8.8373861823E-08 1.0705811479E-07 1.1895962292E-01 -3.6365082092E-02 -3.1843555972E-09 -1.6075932915E-07 3.6365082093E-02 1.1895962292E-01
77.00 1.1423339382E-01 -1.6494773375E-02 -9.1656930211E-08 -8.8564931778E-09 -1.6494773375E-02 1.1423339381E-01 -3.7408669748E-08 1.5716207430E-07 -9.7197834167E-08 1.0035764370E-07 1.0668747181E-01 -3.7349351710E-02 -1.9211539400E-08 -1.3177534446E-07 3.7349351710E-02 1.0668747181E-01
78.00 1.0698802090E-01 -2.2703415293E-02 -9.9821110495E-08 -2.2332127827E-08 -2.2703415293E-02 1.0698802090E-01 -2.5670202583E-08 1.3222707756E-07 -1.0279526183E-07 9.1105280425E-08 9.7752043345E-02 -3.7088132487E-02 -3.2733312616E-08 -1.0496735109E-07 3.7088132487E-02 9.7752043345E-02
79.00 1.0323765611E-01 -2.9782703465E-02 -1.0539903661E-07 -3.4210365255E-08 -2.9782703465E-02 1.0323765611E-01 -1.2816368524E-08 1.0959006852E-07 -1.0538174989E-07 7.9504101621E-08 9.2266764044E-02 -3.5466159449E-02 -4.3411031007E-08 -8.1017683624E-08 3.5466159450E-02 9.2266764044E-02
80.00 1.0287266054E-01 -3.7385272662E-02 -1.0864838630E-07 -4.4164654729E-08 -3.7385272662E-02 1.0287266054E-01 8.4749189099E-10 8.9802491968E-08 -1.0524382474E-07 6.5813696980E-08 9.0185489128E-02 -3.2429974172E-02 -5.0996002219E-08 -6.0461801251E-08 3.2429974172E-02 9.0185489128E-02
81.00 1.0562597065E-01 -4.5127559020E-02 -1.0987154191E-07 -5.1916245775E-08 -4.5127559020E-02 1.0562597065E-01 1.4997077313E-08 7.3277785766E-08 -1.0272644155E-07 5.0344706523E-08 9.1305876422E-02 -2.7992606568E-02 -5.5335289586E-08 -4.3676315224E-08 2.7992606568E-02 9.1305876422E-02
82.00 1.1108745823E-01 -5.2607898811E-02 -1.0940209718E-07 -5.7242205701E-08 -5.2607898811E-02 1.1108745823E-01 2.9297000899E-08 6.0284373671E-08 -9.8219730682E-08 3.3452259887E-08 9.5280789623E-02 -2.2235185796E-02 -5.6374331978E-08 -3.0873258656E-08 2.2235185796E-02 9.5280789623E-02
83.00 1.1872555954E-01 -5.9425879605E-02 -1.0759133812E-07 -5.9981859995E-08 -5.9425879605E-02 1.1872555954E-01 4.3408506620E-08 5.0944095135E-08 -9.2145329661E-08 1.5528461909E-08 1.0163695233E-01 -1.5305333781E-02 -5.4156457142E-08 -2.2100457219E-08 1.5305333781E-02 1.0163695233E-01
84.00 1.2791492845E-01 -6.5202012146E-02 -1.0479505428E-07 -6.0041520324E-08 -6.5202012146E-02 1.2791492845E-01 5.6996813476E-08 4.5235805951E-08 -8.4942621527E-08 -3.0059206169E-09 1.0979974331E-01 -7.4123478316E-03 -4.8819471721E-08 -1.7247653010E-08 7.4123478317E-03 1.0979974331E-01
85.00 1.3796860209E-01 -6.9596769047E-02 -1.0136100120E-07 -5.7397419480E-08 -6.9596769047E-02 1.3796860209E-01 6.9737915560E-08 4.3003724105E-08 -7.7055175060E-08 -2.1710406871E-08 1.1912275571E-01 1.1806658832E-03 -4.0589600444E-08 -1.6057855645E-08 -1.1806658832E-03 1.1912275571E-01
86.00 1.4817297920E-01 -7.2328059180E-02 -9.7617297784E-08 -5.2096826891E-08 -7.2328059180E-02 1.4817297920E-01 8.1324713424E-08 4.3969965619E-08 -6.8917658062E-08 -4.0134215191E-08 1.2892054790E-01 1.0167396420E-02 -2.9773117510E-08 -1.8143251678E-08 -1.0167396420E-02 1.2892054790E-01
87.00 1.5782380899E-01 -7.3186273215E-02 -9.3862006619E-08 -4.4257369987E-08 -7.3186273215E-02 1.5782380899E-01 9.1472400736E-08 4.7750612439E-08 -6.0943472899E-08 -5.7825968501E-08 1.3850289919E-01 1.9211220974E-02 -1.6746066889E-08 -2.3004891051E-08 -1.9211220974E-02 1.3850289919E-01
88.00 1.6626137341E-01 -7.2046142849E-02 -9.0354111184E-08 -3.4064632603E-08 -7.2046142849E-02 1.6626137341E-01 9.9923077844E-08 5.3874583913E-08 -5.3513345949E-08 -7.4343516034E-08 1.4720885172E-01 2.7959820512E-02 -1.9424992570E-09 -3.0055295658E-08 -2.7959820512E-02 1.4720885172E-01
89.00 1.7290311774E-01 -6.8874799027E-02 -8.7306070020E-08 -2.1768141885E-08 -6.8874799027E-02 1.7290311774E-01 1.0644960672E-07 6.1804541725E-08 -4.6965085394E-08 -8.9263694563E-08 1.5443886990E-01 3.6060860319E-02 1.4158334470E-08 -3.8643095095E-08 -3.6060860319E-02 1.5443886990E-01
90.00 1.7727213736E-01 -6.3735586227E-02 -8.4878095078E-08 -7.6758893667E-09 -6.3735586227E-02 1.7727213736E-01 1.1085875855E-07 7.0959041307E-08 -4.1584706873E-08 -1.0219185211E-07 1.5968357655E-01 4.3178016538E-02 3.1045396463E-08 -4.8078783642E-08 -4.3178016539E-02 1.5968357655E-01
91.00 1.7902015487E-01 -5.6787383002E-02 -8.3174268841E-08 7.8524434263E-09 -5.6787383002E-02 1.7902015487E-01 1.1299373141E-07 8.0735154246E-08 -3.7599111968E-08 -1.1277095639E-07 1.6254772183E-01 4.9006602711E-02 4.8189469644E-08 -5.7660716288E-08 -4.9006602711E-02 1.6254772183E-01
92.00 1.7794390823E-01 -4.8279384768E-02 -8.2240578780E-08 2.4413365616E-08 -4.8279384768E-02 1.7794390823E-01 1.1273613197E-07 9.0530815326E-08 -3.5170485789E-08 -1.2069011151E-07 1.6276829626E-01 5.3288058860E-02 6.5056579922E-08 -6.6700505259E-08 -5.3288058860E-02 1.6276829626E-01
93.00 1.7399420456E-01 -3.8541514127E-02 -8.2064910513E-08 4.1568364422E-08 -3.8541514127E-02 1.7399420456E-01 1.1000752030E-07 9.9766198327E-08 -3.4392558604E-08 -1.2569230865E-07 1.6022600014E-01 5.5822610030E-02 8.1120899358E-08 -7.4547047828E-08 -5.5822610030E-02 1.6022600014E-01
94.00 1.6727725804E-01 -2.7970827611E-02 -8.2578999494E-08 5.8853396059E-08 -2.7970827611E-02 1.6727725804E-01 1.0477060957E-07 1.0790348760E-07 -3.5288849182E-08 -1.2758123872E-07 1.5494961204E-01 5.6479479372E-02 9.5876847987E-08 -8.0608499945E-08 -5.6479479372E-02 1.5494961204E-01
95.00 1.5804830802E-01 -1.7014476604E-02 -8.3662294462E-08 7.5788879238E-08 -1.7014476604E-02 1.5804830802E-01 9.7030196311E-08 1.1446448985E-07 -3.7812971607E-08 -1.2622700220E-07 1.4711314401E-01 5.5204149424E-02 1.0885016806E-07 -8.4371609723E-08 -5.5204149424E-02 1.4711314401E-01
96.00 1.4669788655E-01 -6.1499459548E-03 -8.5147636665E-08 9.1889997745E-08 -6.1499459548E-03 1.4669788655E-01 8.6833870138E-08 1.1904561486E-07 -4.1851045569E-08 -1.2157055855E-07 1.3702601389E-01 5.2022299073E-02 1.1960780078E-07 -8.5417931494E-08 -5.2022299074E-02 1.3702601389E-01
97.00 1.3373145622E-01 4.1365708018E-03 -8.6828605116E-08 1.0667712930E-07 4.1365708019E-03 1.3373145622E-01 7.4272519379E-08 1.2132984670E-07 -4.7226199339E-08 -1.1362677080E-07 1.2511678981E-01 4.7040196354E-02 1.2776644973E-07 -8.3436555479E-08 -4.7040196354E-02 1.2511678981E-01
98.00 1.1974345352E-01 1.3372701961E-02 -8.8468322987E-08 1.1968623135E-07 1.3372701961E-02 1.1974345352E-01 5.9480612462E-08 1.2109542380E-07 -5.3705097131E-08 -1.0248591754E-07 1.1191135456E-01 4.0441491347E-02 1.3299976529E-07 -7.8233103668E-08 -4.0441491348E-02 1.1191135456E-01
99.00 1.0538703532E-01 2.1122318551E-02 -8.9809465416E-08 1.3047902825E-07 2.1122318551E-02 1.0538703532E-01 4.2636196566E-08 1.1822104631E-07 -6.1006360243E-08 -8.8313566549E-08 9.8006584619E-02 3.2480520985E-02 1.3504412764E-07 -6.9734858727E-08 -3.2480520985E-02 9.8006584619E-02
100.00 9.1341025527E-02 2.7006816694E-02 -9.0585155752E-08 1.3865285757E-07 2.7006816694E-02 9.1341025527E-02 2.3960520241E-08 1.1268752984E-07 -6.8810684678E-08 -7.1348732247E-08 8.4040830696E-02 2.3472400227E-02 1.3370304147E-07 -5.7992004500E-08 -2.3472400227E-02 8.4040830696E-02
101.00 7.8275685693E-02 3.0724264062E-02 -9.0530391961E-08 1.4385004530E-07 3.0724264062E-02 7.8275685693E-02 3.7171559180E-09 1.0457592669E-07 -7.6772393209E-08 -5.1900272192E-08 7.0662615569E-02 1.3780323998E-02 1.2885018373E-07 -4.3175065069E-08 -1.3780323999E-02 7.0662615569E-02
102.00 6.6818983141E-02 3.2065488992E-02 -8.9393606626E-08 1.4576668849E-07 3.2065488992E-02 6.6818983141E-02 -1.7789523578E-08 9.4062234635E-08 -8.4532096483E-08 -3.0341517021E-08 5.8499026536E-02 3.8006338912E-03 1.2043116474E-07 -2.5568728505E-08 -3.8006338913E-03 5.8499026536E-02
103.00 5.7525000136E-02 3.0926308628E-02 -8.6947938462E-08 1.4416072910E-07 3.0926308628E-02 5.7525000136E-02 -4.0216670974E-08 8.1408909979E-08 -9.1730082046E-08 -7.1031726254E-09 4.8125272718E-02 -6.0536931799E-03 1.0846407343E-07 -5.5623328455E-09 6.0536931797E-03 4.8125272718E-02
104.00 5.0846020060E-02 2.7315247650E-02 -8.3001783219E-08 1.3885920572E-07 2.7315247650E-02 5.0846020060E-02 -6.3186248493E-08 6.6953493665E-08 -9.8020004736E-08 1.7335418975E-08 4.0036803514E-02 -1.5370405530E-02 9.3038882958E-08 1.6362628205E-08 1.5370405530E-02 4.0036803514E-02
105.00 4.7109646634E-02 2.1356285940E-02 -7.7408197687E-08 1.2976456683E-07 2.1356285940E-02 4.7109646634E-02 -8.6289409029E-08 5.1094743832E-08 -1.0308241935E-07 4.2456522138E-08 3.4625248591E-02 -2.3755420790E-02 7.4315789400E-08 3.9647554079E-08 2.3755420789E-02 3.4625248591E-02
106.00 4.6502068561E-02 1.3286384412E-02 -7.0072756277E-08 1.1685992603E-07 1.3286384413E-02 4.6502068561E-02 -1.0909208449E-07 3.4276744952E-08 -1.0663768073E-07 6.7715563673E-08 3.2159249520E-02 -3.0849587355E-02 5.2522551387E-08 6.3673860032E-08 3.0849587355E-02 3.2159249520E-02
107.00 4.9058285980E-02 3.4477648855E-03 -6.0959503485E-08 1.0021313221E-07 3.4477648857E-03 4.9058285979E-02 -1.3114184749E-07 1.6971529093E-08 -1.0845773816E-07 9.2553761415E-08 3.2771018194E-02 -3.6344032620E-02 2.7950888740E-08 8.7781651989E-08 3.6344032619E-02 3.2771018195E-02
108.00 5.4659780860E-02 -7.7248471714E-03 -5.0094708220E-08 7.9979521175E-08 -7.7248471712E-03 5.4659780859E-02 -1.5197605660E-07 -3.3920274541E-10 -1.0837637212E-07 1.1641153633E-07 3.6449189176E-02 -3.9993436814E-02 9.5198882739E-10 1.1128940545E-07 3.9993436814E-02 3.6449189176E-02
109.00 6.3039756451E-02 -1.9721578583E-02 -3.7568205860E-08 5.6403208699E-08 -1.9721578583E-02 6.3039756451E-02 -1.7113122987E-07 -1.7182635041E-08 -1.0629746198E-07 1.3874237625E-07 4.3038244722E-02 -4.1626670811E-02 -2.8068840018E-08 1.3351408906E-07 4.1626670811E-02 4.3038244722E-02
110.00 7.3795707946E-02 -3.1978708442E-02 -2.3532207516E-08 2.9816782893E-08 -3.1978708441E-02 7.3795707945E-02 -1.8815351906E-07 -3.3113024106E-08 -1.0220093231E-07 1.5902678550E-07 5.2244495764E-02 -4.1154360401E-02 -5.8658335165E-08 1.5379117696E-07 4.1154360401E-02 5.2244495764E-02
111.00 8.6408734556E-02 -4.3903064125E-02 -8.1975595240E-09 6.3925564722E-10 -4.3903064125E-02 8.6408734555E-02 -2.0261008058E-07 -4.7728873523E-08 -9.6146100521E-08 1.7678592920E-07 6.3648312706E-02 -3.8573082033E-02 -9.0322236387E-08 1.7149401086E-07 3.8573082033E-02 6.3648312706E-02
112.00 1.0026867883E-01 -5.4898503980E-02 8.1724534276E-09 -3.0627857532E-08 -5.4898503980E-02 1.0026867883E-01 -2.1410106598E-07 -6.0688476900E-08 -8.8272238427E-08 1.9159456932E-07 7.6722029254E-02 -3.3966048382E-02 -1.2253300145E-07 1.8605200498E-07 3.3966048382E-02 7.6722029254E-02
113.00 1.1470389748E-01 -6.4393355647E-02 2.5270558475E-08 -6.3406440947E-08 -6.4393355647E-02 1.1470389748E-01 -2.2227188478E-07 -7.1723249551E-08 -7.8796259910E-08 2.0309289010E-07 9.0852701727E-02 -2.7500298798E-02 -1.5473824160E-07 1.9696722923E-07 2.7500298798E-02 9.0852701728E-02
114.00 1.2901424248E-01 -7.1867603616E-02 4.2755889723E-08 -9.7049748417E-08 -7.1867603616E-02 1.2901424248E-01 -2.2682533482E-07 -8.0648334540E-08 -6.8007552571E-08 2.1099682646E-07 1.0536870542E-01 -1.9420562058E-02 -1.8636982518E-07 2.0382895960E-07 1.9420562058E-02 1.0536870542E-01
115.00 1.4250567282E-01 -7.6878595125E-02 6.0265925256E-08 -1.3085248179E-07 -7.6878595124E-02 1.4250567282E-01 -2.2753315035E-07 -8.7370054699E-08 -5.6260079210E-08 2.1510653951E-07 1.1956899598E-01 -1.0040099559E-02 -2.1685357984E-07 2.0632584784E-07 1.0040099559E-02 1.1956899598E-01
116.00 1.5452483311E-01 -7.9084062689E-02 7.7429484362E-08 -1.6406296885E-07 -7.9084062689E-02 1.5452483311E-01 -2.2424649161E-07 -9.1889885320E-08 -4.3961979253E-08 2.1531272815E-07 1.3275376309E-01 2.7104007464E-04 -2.4561949971E-07 2.0425542974E-07 -2.7104007489E-04 1.3275376309E-01
117.00 1.6449192989E-01 -7.8261344748E-02 9.3880244454E-08 -1.9589736736E-07 -7.8261344748E-02 1.6449192989E-01 -2.1690489506E-07 -9.4304742866E-08 -3.1562998550E-08 2.1160052589E-07 1.4425515871E-01 1.1099824525E-02 -2.7211233634E-07 1.9753076495E-07 -1.1099824525E-02 1.4425515871E-01
118.00 1.7193031058E-01 -7.4321821331E-02 1.0927020340E-07 -2.2555575033E-07 -7.4321821331E-02 1.7193031058E-01 -2.0554321946E-07 -9.4803517026E-08 -1.9540159780E-08 2.0405080074E-07 1.5346679343E-01 2.2005496690E-02 -2.9580242296E-07 1.8618407568E-07 -2.2005496690E-02 1.5346679343E-01
119.00 1.7649129946E-01 -6.7319764956E-02 1.2328250413E-07 -2.5223984556E-07 -6.7319764956E-02 1.7649129946E-01 -1.9029616612E-07 -9.3659913625E-08 -8.3821582859E-09 1.9283875926E-07 1.5987076008E-01 3.2535643535E-02 -3.1619654869E-07 1.7036732566E-07 -3.2535643535E-02 1.5987076008E-01
120.00 1.7797306449E-01 -5.7455031708E-02 1.3564305915E-07 -2.7517211867E-07 -5.7455031708E-02 1.7797306449E-01 -1.7140001429E-07 -9.1221818524E-08 1.4269823888E-09 1.7822983978E-07 1.6306105974E-01 4.2242417227E-02 -3.3284867012E-07 1.5034975352E-07 -4.2242417227E-02 1.6306105974E-01
121.00 1.7633256639E-01 -4.5069274892E-02 1.4613045900E-07 -2.9361580218E-07 -4.5069274891E-02 1.7633256639E-01 -1.4919130113E-07 -8.7897532156E-08 9.4244276104E-09 1.6057297336E-07 1.6276246501E-01 5.0698268367E-02 -3.4537021866E-07 1.2651244271E-07 -5.0698268367E-02 1.6276246501E-01
122.00 1.7168996583E-01 -3.0635643442E-02 1.5458372178E-07 -3.0689539129E-07 -3.0635643442E-02 1.7168996583E-01 -1.2410227929E-07 -8.4139354855E-08 1.5184645480E-08 1.4029137891E-07 1.5884405260E-01 5.7510596147E-02 -3.5343973923E-07 9.9340073782E-08 -5.7510596148E-02 1.5884405260E-01
123.00 1.6432521967E-01 -1.4742217562E-02 1.6090753653E-07 -3.1441705276E-07 -1.4742217562E-02 1.6432521967E-01 -9.6653105548E-08 -8.0425119374E-08 1.8334553867E-08 1.1787114605E-07 1.5132686106E-01 6.2334789350E-02 -3.5681158022E-07 6.9410062909E-08 -6.2334789351E-02 1.5132686106E-01
124.00 1.5466696655E-01 1.9302779951E-03 1.6507476533E-07 -3.1568833246E-07 1.9302779952E-03 1.5466696655E-01 -6.7440844565E-08 -7.7238361840E-08 1.8567169763E-08 9.3847938830E-08 1.4038537209E-01 6.4885220751E-02 -3.5532334611E-07 3.7379340736E-08 -6.4885220751E-02 1.4038537209E-01
125.00 1.4327416842E-01 1.8635669949E-02 1.6712609618E-07 -3.1033650410E-07 1.8635669950E-02 1.4327416842E-01 -3.7125503341E-08 -7.5047893808E-08 1.5653285300E-08 6.8792220140E-08 1.2634276438E-01 6.4943860614E-02 -3.4890182887E-07 3.9690722255E-09 -6.4943860615E-02 1.2634276438E-01
126.00 1.3081132038E-01 3.4593384543E-02 1.6716686993E-07 -2.9812488048E-07 3.4593384543E-02 1.3081132038E-01 -6.4134448274E-09 -7.4287578859E-08 9.4507647096E-09 4.3293452039E-08 1.0966013656E-01 6.2366286838E-02 -3.3756714823E-07 -3.0052344501E-08 -6.2366286838E-02 1.0966013656E-01
127.00 1.1801835032E-01 4.9022086336E-02 1.6536123611E-07 -2.7896641339E-07 4.9022086336E-02 1.1801835032E-01 2.3961349949E-08 -7.5337127223E-08 -8.8858261343E-11 1.7943765304E-08 9.0920133235E-02 5.7084984328E-02 -3.2143485975E-07 -6.3887628447E-08 -5.7084984328E-02 9.0920133235E-02
128.00 1.0567658687E-01 6.1174493474E-02 1.6192391825E-07 -2.5293394146E-07 6.1174493474E-02 1.0567658687E-01 5.3257594524E-08 -7.8504698454E-08 -1.2916706373E-08 -6.6783874761E-09 7.0805623117E-02 4.9109938863E-02 -3.0071583124E-07 -9.6729915832E-08 -4.9109938863E-02 7.0805623118E-02
129.00 9.4572367885E-02 7.0371861553E-02 1.5710997855E-07 -2.2026650778E-07 7.0371861553E-02 9.4572367885E-02 8.0747920888E-08 -8.4012045387E-08 -2.8885930772E-08 -3.0024078010E-08 5.0074266690E-02 3.8526636037E-02 -2.7571374182E-07 -1.2778258823E-07 -3.8526636037E-02 5.0074266691E-02
130.00 8.5459981784E-02 7.6036600158E-02 1.5120306632E-07 -1.8137126088E-07 7.6036600158E-02 8.5459981784E-02 1.0574029190E-07 -9.1982843180E-08 -4.7754144205E-08 -5.1588747256E-08 2.9529962774E-02 2.5491669648E-02 -2.4682012538E-07 -1.5627918917E-07 -2.5491669648E-02 2.9529962775E-02
131.00 7.9025675219E-02 7.7721526736E-02 1.4450270048E-07 -1.3682057432E-07 7.7721526735E-02 7.9025675218E-02 1.2759884678E-07 -1.0243473153E-07 -6.9188828917E-08 -7.0925581055E-08 9.9922763463E-03 1.0226242665E-02 -2.1450695674E-07 -1.8150297631E-07 -1.0226242665E-02 9.9922763467E-03
132.00 7.5854420673E-02 7.5134371730E-02 1.3731117833E-07 -8.7344164190E-08 7.5134371730E-02 7.5854420672E-02 1.4576342521E-07 -1.1527545433E-07 -9.2775532931E-08 -8.7656999629E-08 -7.7349811103E-03 -6.9920946420E-03 -1.7931686415E-07 -2.0280564954E-07 6.9920946418E-03 -7.7349811098E-03
133.00 7.6401018048E-02 6.8156323591E-02 1.2992071423E-07 -3.3816150694E-08 6.8156323591E-02 7.6401018047E-02 1.5976704815E-07 -1.3030332173E-07 -1.1802857904E-07 -1.0148390769E-07 -2.2894823642E-02 -2.5839082098E-02 -1.4185114193E-07 -2.1962479303E-07 2.5839082098E-02 -2.2894823641E-02
134.00 8.0966910984E-02 5.6853635999E-02 1.2260139314E-07 2.2762809080E-08 5.6853635999E-02 8.0966910984E-02 1.6925069795E-07 -1.4721204665E-07 -1.4440393330E-07 -1.1219242860E-07 -3.4806641875E-02 -4.5954351583E-02 -1.0275582872E-07 -2.3149957584E-07 4.5954351583E-02 -3.4806641874E-02
135.00 8.9683840276E-02 4.1481603047E-02 1.1559047690E-07 8.1288002751E-08 4.1481603047E-02 8.9683840275E-02 1.7397483300E-07 -1.6559982916E-07 -1.7131381577E-07 -1.1965793069E-07 -4.2893125382E-02 -6.6952577323E-02 -6.2706205533E-08 -2.3808426975E-07 6.6952577323E-02 -4.2893125382E-02
136.00 1.0250514543E-01 2.2480529248E-02 1.0908352856E-07 1.4057725469E-07 2.2480529248E-02 1.0250514543E-01 1.7382719176E-07 -1.8498238833E-07 -1.9814258952E-07 -1.2384624546E-07 -4.6703555311E-02 -8.8434770119E-02 -2.2390149212E-08 -2.3915916854E-07 8.8434770119E-02 -4.6703555310E-02
137.00 1.1920517566E-01 4.6366615635E-04 1.0322772380E-07 1.9940094599E-07 4.6366615616E-04 1.1920517566E-01 1.6882657867E-07 -2.0480947531E-07 -2.2426343244E-07 -1.2481207013E-07 -4.5932609319E-02 -1.0999933781E-01 1.7509152223E-08 -2.3463852905E-07 1.0999933781E-01 -4.5932609318E-02
138.00 1.3938689960E-01 -2.3802559328E-02 9.8117608938E-08 2.5651461680E-07 -2.3802559328E-02 1.3938689960E-01 1.5912247913E-07 -2.2448425488E-07 -2.4905528501E-07 -1.2269463979E-07 -4.0433994812E-02 -1.3125257335E-01 5.6330563771E-08 -2.2457520569E-07 1.3125257335E-01 -4.0433994812E-02
139.00 1.6249742629E-01 -4.9425354233E-02 9.3793438978E-08 3.1069316728E-07 -4.9425354233E-02 1.6249742629E-01 1.4499050824E-07 -2.4338481994E-07 -2.7191956889E-07 -1.1771084414E-07 -3.0228424353E-02 -1.5181828043E-01 9.3451852499E-08 -2.0916171380E-07 1.5181828043E-01 -3.0228424352E-02
140.00 1.8785078560E-01 -7.5418413668E-02 9.0242105457E-08 3.6076556947E-07 -7.5418413668E-02 1.8785078560E-01 1.2682386021E-07 -2.6088700904E-07 -2.9229619352E-07 -1.1014604451E-07 -1.5505661493E-02 -1.7134630137E-01 1.2830541861E-07 -1.8872753737E-07 1.7134630137E-01 -1.5505661493E-02
141.00 2.1465698125E-01 -1.0073954385E-01 8.7400536676E-08 4.0564893481E-07 -1.0073954385E-01 2.1465698125E-01 1.0512107619E-07 -2.7638763858E-07 -3.0967840032E-07 -1.0034292109E-07 3.3794121034E-03 -1.8951977067E-01 1.6039231924E-07 -1.6373259046E-07 1.8951977067E-01 3.3794121038E-03
142.00 2.4205603955E-01 -1.2433154696E-01 8.5161338270E-08 4.4438075975E-07 -1.2433154696E-01 2.4205603955E-01 8.0470588054E-08 -2.8932723735E-07 -3.2362604206E-07 -8.8688740770E-08 2.5916534964E-02 -2.0606097624E-01 1.8929403960E-07 -1.3475684930E-07 2.0606097624E-01 2.5916534964E-02
143.00 2.6915554462E-01 -1.4516469311E-01 8.3380339599E-08 4.7614819460E-07 -1.4516469311E-01 2.6915554462E-01 5.3532613021E-08 -2.9921138605E-07 -3.3377695091E-07 -7.5601485031E-08 5.1455222387E-02 -2.2073576774E-01 2.1468153430E-07 -1.0248628951E-07 2.2073576774E-01 5.1455222387E-02
144.00 2.9506998685E-01 -1.6227900891E-01 8.1885629888E-08 5.0031325232E-07 -1.6227900891E-01 2.9506998685E-01 2.5019067411E-08 -3.0562981565E-07 -3.3985611424E-07 -6.1515309781E-08 7.9224757080E-02 -2.3335650467E-01 2.3632115749E-07 -6.7695388663E-08 2.3335650467E-01 7.9224757080E-02
145.00 3.1896016359E-01 -1.7482459294E-01 8.0487608658E-08 5.1643298905E-07 -1.7482459294E-01 3.1896016359E-01 -4.3277679189E-09 -3.0827250524E-07 -3.4168244512E-07 -4.6865828817E-08 1.0835825673E-01 -2.4378358407E-01 2.5407721732E-07 -3.1226583100E-08 2.4378358407E-01 1.0835825673E-01
146.00 3.4007086229E-01 -1.8209822810E-01 7.8989541797E-08 5.2427385004E-07 -1.8209822810E-01 3.4007086229E-01 -3.3757064950E-08 -3.0694213612E-07 -3.3917300996E-07 -3.2075711603E-08 1.3791991934E-01 -2.5192562901E-01 2.6791102723E-07 6.0328047970E-09 2.5192562901E-01 1.3791991934E-01
147.00 3.5776512733E-01 -1.8357469640E-01 7.7198107866E-08 5.2381956791E-07 -1.8357469640E-01 3.5776512733E-01 -6.2530983410E-08 -3.0156240498E-07 -3.3234464300E-07 -1.7541076968E-08 1.6693444129E-01 -2.5773845170E-01 2.7787647291E-07 4.3175536432E-08 2.5773845170E-01 1.6693444129E-01
148.00 3.7155355937E-01 -1.7893140854E-01 7.4933438037E-08 5.1527223004E-07 -1.7893140854E-01 3.7155355937E-01 -8.9945187510E-08 -2.9218185948E-07 -3.2131295409E-07 -3.6191293415E-09 1.9441753744E-01 -2.6122293095E-01 2.8411226969E-07 7.9300584721E-08 2.6122293095E-01 1.9441753744E-01
149.00 3.8111731245E-01 -1.6806522944E-01 7.2038196342E-08 4.9904637818E-07 -1.6806522944E-01 3.8111731245E-01 -1.1534767006E-07 -2.7897309873E-07 -3.0628880075E-07 9.3825570114E-09 2.1940646933E-01 -2.6242196121E-01 2.8683123612E-07 1.1353959924E-07 2.6242196121E-01 2.1940646933E-01
150.00 3.8632373015E-01 -1.5110069979E-01 6.8385312744E-08 4.7575626126E-07 -1.5110069979E-01 3.8632373015E-01 -1.3815529352E-07 -2.6222736237E-07 -2.8757235677E-07 2.1214757697E-08 2.4098950783E-01 -2.6141664085E-01 2.8630705397E-07 1.4508282863E-07 2.6141664085E-01 2.4098950783E-01
151.00 3.8723388512E-01 -1.2838920975E-01 6.3884060201E-08 4.4619662235E-07 -1.2838920975E-01 3.8723388512E-01 -1.5786756670E-07 -2.4234471444E-07 -2.6554496962E-07 3.1693045148E-08 2.5833331833E-01 -2.5832187140E-01 2.8285910700E-07 1.7320359835E-07 2.5832187140E-01 2.5833331833E-01
152.00 3.8410164172E-01 -1.0049905732E-01 5.8484263333E-08 4.1131764869E-07 -1.0049905732E-01 3.8410164172E-01 -1.7407729593E-07 -2.1982019809E-07 -2.4065904651E-07 4.0701764275E-08 2.7070735784E-01 -2.5328153716E-01 2.7683609642E-07 1.9728044656E-07 2.5328153716E-01 2.7070735784E-01
153.00 3.7736423316E-01 -6.8196705629E-02 5.2178523115E-08 3.7219493882E-07 -6.8196705629E-02 3.7736423316E-01 -1.8647788398E-07 -1.9522649566E-07 -2.1342625306E-07 4.8195424956E-08 2.7750450883E-01 -2.4646342809E-01 2.6859919559E-07 2.1681607285E-07 2.4646342809E-01 2.7750450883E-01
154.00 3.6762471693E-01 -3.2419922560E-02 4.5002444733E-08 3.2999553602E-07 -3.2419922560E-02 3.6762471693E-01 -1.9486718470E-07 -1.6919376169E-07 -1.8440434331E-07 5.4197490511E-08 2.7825733855E-01 -2.3805405829E-01 2.5850554365E-07 2.3145233807E-07 2.3805405829E-01 2.7825733855E-01
155.00 3.5562702819E-01 5.7561720839E-03 3.7032951050E-08 2.8594122982E-07 5.7561720838E-03 3.5562702819E-01 -1.9914795600E-07 -1.4238740568E-07 -1.5418296754E-07 5.8796633302E-08 2.7264955707E-01 -2.2825351847E-01 2.4689286901E-07 2.4098067860E-07 2.2825351847E-01 2.7264955707E-01
156.00 3.4222467508E-01 4.5158827463E-02 2.8384851443E-08 2.4127043461E-07 4.5158827463E-02 3.4222467508E-01 -1.9932507806E-07 -1.1548467533E-07 -1.2336882516E-07 6.2140620648E-08 2.6052244522E-01 -2.1727048596E-01 2.3406598987E-07 2.4534745254E-07 2.1727048596E-01 2.6052244522E-01
157.00 3.2834439896E-01 8.4561582238E-02 1.9205909432E-08 1.9720000685E-07 8.4561582238E-02 3.2834439896E-01 -1.9549981710E-07 -8.9150937122E-08 -9.2570541880E-08 6.4428078744E-08 2.4187622458E-01 -2.0531749834E-01 2.2028585091E-07 2.4465392378E-07 2.0531749834E-01 2.4187622458E-01
158.00 3.1494634378E-01 1.2273063753E-01 9.6707094770E-09 1.5488836003E-07 1.2273063753E-01 3.1494634378E-01 -1.8786150859E-07 -6.4016556519E-08 -6.2383654670E-08 6.5898460750E-08 2.1686653809E-01 -1.9260658018E-01 2.0576163334E-07 2.3915079389E-07 1.9260658018E-01 2.1686653809E-01
159.00 3.0298243334E-01 1.5847182886E-01 -2.6338774646E-11 1.1540118007E-07 1.5847182886E-01 3.0298243334E-01 -1.7667710946E-07 -4.0655254645E-08 -3.3376085842E-08 6.6820612091E-08 1.8579639288E-01 -1.7934529479E-01 1.9064632203E-07 2.2922741261E-07 1.7934529479E-01 1.8579639288E-01
160.00 2.9335473667E-01 1.9067631420E-01 -9.6785011832E-09 7.9680933108E-08 1.9067631420E-01 2.9335473667E-01 -1.6227911821E-07 -1.9564755222E-08 -6.0744759800E-09 6.7480378093E-08 1.4910407748E-01 -1.6573327610E-01 1.7503593596E-07 2.1539601685E-07 1.6573327610E-01 1.4910407748E-01
161.00 2.8687560640E-01 2.1836314325E-01 -1.9074368377E-08 4.8521197746E-08 2.1836314325E-01 2.8687560640E-01 -1.4505239150E-07 -1.1504464548E-09 1.9048274029E-08 6.8167735467E-08 1.0734769908E-01 -1.5195927981E-01 1.5897243519E-07 1.9827156473E-07 1.5195927981E-01 1.0734769908E-01
162.00 2.8423130361E-01 2.4071699652E-01 -2.8005316375E-08 2.2546656481E-08 2.4071699652E-01 2.8423130361E-01 -1.2542038993E-07 1.4287341330E-08 4.1583927814E-08 6.9163948916E-08 6.1187084900E-02 -1.3819877777E-01 1.4245012135E-07 1.7854792400E-07 1.3819877777E-01 6.1187084900E-02
163.00 2.8595067765E-01 2.5711957552E-01 -3.6272474285E-08 2.1993468240E-09 2.5711957552E-01 2.8595067765E-01 -1.0383136575E-07 2.6561981248E-08 6.1198017802E-08 7.0729251071E-08 1.1363854313E-02 -1.2461210514E-01 1.2542515601E-07 1.5697134143E-07 1.2461210514E-01 1.1363854313E-02
164.00 2.9238025811E-01 2.6717337964E-01 -4.3692944430E-08 -1.2268481670E-08 2.6717337964E-01 2.9238025811E-01 -8.0744971411E-08 3.5604817860E-08 7.7636884888E-08 7.3091525592E-08 -4.1319509763E-02 -1.1134315722E-01 1.0782764610E-07 1.3431224990E-07 1.1134315722E-01 -4.1319509763E-02
165.00 3.0366684675E-01 2.7071691044E-01 -5.0105073742E-08 -2.0794818997E-08 2.7071691044E-01 3.0366684675E-01 -5.6619709151E-08 4.1464931691E-08 9.0732460054E-08 7.6436433198E-08 -9.6020777237E-02 -9.8518620347E-02 8.9575597850E-08 1.1133655209E-07 9.8518620347E-02 -9.6020777237E-02
166.00 3.1974838173E-01 2.6783068639E-01 -5.5372639828E-08 -2.3501836911E-08 2.6783068639E-01 3.1974838173E-01 -3.1901578014E-08 4.4304446246E-08 1.0040465435E-07 8.0899362490E-08 -1.5187851549E-01 -8.6247710576E-02 7.0589924879E-08 8.8777555251E-08 8.6247710576E-02 -1.5187851549E-01
167.00 3.4035349871E-01 2.5883381797E-01 -5.9387873956E-08 -2.0683752745E-08 2.5883381797E-01 3.4035349871E-01 -7.0141932415E-09 4.4389598652E-08 1.0666128781E-07 8.6559514693E-08 -2.0803138841E-01 -7.4622384027E-02 5.0809627392E-08 6.7309710623E-08 7.4622384027E-02 -2.0803138841E-01
168.00 3.6500984703E-01 2.4427126856E-01 -6.2073307958E-08 -1.2789269663E-08 2.4427126856E-01 3.6500984703E-01 1.7649424844E-08 4.2077962745E-08 1.0959555762E-07 9.3436344998E-08 -2.6363564933E-01 -6.3717973794E-02 3.0206232933E-08 4.7525239167E-08 6.3717973794E-02 -2.6363564933E-01
169.00 3.9306085066E-01 2.2489229585E-01 -6.3382482611E-08 -3.9944534797E-10 2.2489229585E-01 3.9306085066E-01 4.1733282582E-08 3.7802358868E-08 1.0938111882E-07 1.0148848626E-07 -3.1788040082E-01 -5.3594200859E-02 8.7966164111E-09 2.9914600501E-08 5.3594200859E-02 -3.1788040082E-01
170.00 4.2369024823E-01 2.0162091730E-01 -6.3299604005E-08 1.5798008844E-08 2.0162091730E-01 4.2369024823E-01 6.4923034091E-08 3.2052115082E-08 1.0626492528E-07 1.1061517976E-07 -3.7000034087E-01 -4.4296499937E-02 -1.3346608516E-08 1.4851592419E-08 4.4296499937E-02 -3.7000034087E-01
171.00 4.5595341835E-01 1.7551955742E-01 -6.1838269582E-08 3.5036891766E-08 1.7551955742E-01 4.5595341835E-01 8.6948835365E-08 2.5352446068E-08 1.0055805038E-07 1.2066013279E-07 -4.1928586606E-01 -3.5857596031E-02 -3.6087814135E-08 2.5836606978E-09 3.5857596031E-02 -4.1928586606E-01
172.00 4.8881421065E-01 1.4774730212E-01 -5.9039411051E-08 5.6501976443E-08 1.4774730212E-01 4.8881421065E-01 1.0758654077E-07 1.8242784743E-08 9.2624776455E-08 1.3141762276E-07 -4.6509054916E-01 -2.8299263734E-02 -5.9224724761E-08 -6.7722385060E-09 2.8299263734E-02 -4.6509054916E-01
173.00 5.2118577023E-01 1.1951439634E-01 -5.4968614622E-08 7.9358611115E-08 1.1951439634E-01 5.2118577023E-01 1.2665740530E-07 1.1254941301E-08 8.2870302992E-08 1.4264057295E-07 -5.0683614472E-01 -2.1634199069E-02 -8.2488757778E-08 -1.3228132743E-08 2.1634199069E-02 -5.0683614472E-01
174.00 5.5197367398E-01 9.2034766838E-02 -4.9712982262E-08 1.0278133665E-07 9.2034766838E-02 5.5197367398E-01 1.4402649822E-07 4.8919602008E-09 7.1727475923E-08 1.5405024329E-07 -5.4401539240E-01 -1.5867933003E-02 -1.0554945535E-07 -1.6918054483E-08 1.5867933003E-02 -5.4401539240E-01
175.00 5.8011959819E-01 6.6478427938E-02 -4.3377691591E-08 1.2598049851E-07 6.6478427938E-02 5.8011959819E-01 1.5960006061E-07 -3.9148338069E-10 5.9642980056E-08 1.6534711102E-07 -5.7619298073E-01 -1.1000716866E-02 -1.2802290097E-07 -1.8086005513E-08 1.1000716866E-02 -5.7619298073E-01
176.00 6.0464371235E-01 4.3925630852E-02 -3.6082397245E-08 1.4822595918E-07 4.3925630852E-02 6.0464371235E-01 1.7332205513E-07 -4.2063824995E-09 4.7063461165E-08 1.7622246734E-07 -6.0300509666E-01 -7.0293126613E-03 -1.4948378797E-07 -1.7069514625E-08 7.0293126613E-03 -6.0300509666E-01
177.00 6.2468404485E-01 2.5324547434E-02 -2.7957597689E-08 1.6886718660E-07 2.5324547434E-02 6.2468404485E-01 1.8517015745E-07 -6.2437250685E-09 3.4422052652E-08 1.8637022702E-07 -6.2415801809E-01 -3.9486258345E-03 -1.6948060174E-07 -1.4279631988E-08 3.9486258345E-03 -6.2415801809E-01
178.00 6.3953119021E-01 1.1454139950E-02 -1.9141069281E-08 1.8734918050E-07 1.1454139950E-02 6.3953119021E-01 1.9515142940E-07 -6.2853142549E-09 2.2125772175E-08 1.9549844120E-07 -6.3942620566E-01 -1.7531242677E-03 -1.8755319289E-07 -1.0178361855E-08 1.7531242677E-03 -6.3942620566E-01
179.00 6.4865691980E-01 2.8936649600E-03 -9.7744457243E-09 2.0322390319E-07 2.8936649600E-03 6.4865691980E-01 2.0329789345E-07 -4.2106987028E-09 1.0544224430E-08 2.0334001890E-07 -6.4865031755E-01 -4.3799508087E-04 -2.0325187574E-07 -5.2546380912E-09 4.3799508087E-04 -6.4865031756E-01
180.00 6.5173551000E-01 7.2164496526E-16 4.4247942373E-18 2.1615708557E-07 7.2164496675E-16 6.5173551000E-01 2.0966220122E-07 1.8434878004E-19 -4.4245030698E-18 2.0966220122E-07 -6.5173551000E-01 2.7755575545E-16 -2.1615708557E-07 1.8421643114E-19 -2.7755575686E-16 -6.5173551000E-01
