theta s11 s12 s13 s14 s21 s22 s23 s24 s31 s32 s33 s34 s41 s42 s43 s44
0.00 1.9622290052E+01 0.0000000000E+00 0.0000000000E+00 2.3446511145E-08 0.0000000000E+00 1.9622290052E+01 7.4219525613E-07 0.0000000000E+00 0.0000000000E+00 -7.4219525613E-07 1.9622290052E+01 0.0000000000E+00 2.3446511145E-08 0.0000000000E+00 0.0000000000E+00 1.9622290052E+01
1.00 1.9551110705E+01 1.5219929088E-03 -6.8287349565E-09 2.3744282693E-08 1.5219929088E-03 1.9551110705E+01 7.3618749947E-07 2.9596128231E-08 -6.8875498009E-09 -7.3618615592E-07 1.9551110607E+01 -1.2392919490E-03 2.3741542263E-08 -2.9640944809E-08 1.2392919490E-03 1.9551110607E+01
2.00 1.9338967313E+01 6.0319917848E-03 -1.2262202493E-08 2.3089422814E-08 6.0319917848E-03 1.9338967313E+01 7.2705326980E-07 5.6824415939E-08 -1.2494861489E-08 -7.2704261466E-07 1.9338965743E+01 -4.9325128909E-03 2.3068513773E-08 -5.7002655101E-08 4.9325128909E-03 1.9338965743E+01
3.00 1.8990005056E+01 1.3363970845E-02 -1.6210542024E-08 2.1623301068E-08 1.3363970845E-02 1.8990005056E+01 7.1503688293E-07 8.1317372489E-08 -1.6726240664E-08 -7.1500122649E-07 1.8989997164E+01 -1.1006283476E-02 2.1556389731E-08 -8.1716591863E-08 1.1006283476E-02 1.8989997164E+01
4.00 1.8511005157E+01 2.3247246330E-02 -1.8615172589E-08 1.9535163838E-08 2.3247246330E-02 1.8511005157E+01 7.0041413708E-07 1.0279749600E-07 -1.9515074785E-08 -7.0033031162E-07 1.8510980457E+01 -1.9339624177E-02 1.9385701717E-08 -1.0350478027E-07 1.9339624177E-02 1.8510980457E+01
5.00 1.7911198206E+01 3.5315334144E-02 -1.9451847510E-08 1.7054729313E-08 3.5315334144E-02 1.7911198206E+01 6.8348198935E-07 1.2108205912E-07 -2.0827419937E-08 -6.8331956051E-07 1.7911138657E+01 -2.9765943649E-02 1.6781436493E-08 -1.2218442166E-07 2.9765943649E-02 1.7911138657E+01
6.00 1.7202011542E+01 4.9117992198E-02 -1.8732964191E-08 1.4442727379E-08 4.9117992198E-02 1.7202011542E+01 6.6454778129E-07 1.3608454187E-07 -2.0664888430E-08 -6.6426922948E-07 1.7201889959E+01 -4.2075838623E-02 1.4003709574E-08 -1.3766906734E-07 4.2075838623E-02 1.7201889959E+01
7.00 1.6396759022E+01 6.4136095952E-02 -1.6509000885E-08 1.1979763857E-08 6.4136095952E-02 1.6396759022E+01 6.4391846060E-07 1.4781278239E-07 -1.9066684207E-08 -6.4347934284E-07 1.6396537887E+01 -5.6020714436E-02 1.1336602783E-08 -1.4996643971E-07 5.6020714436E-02 1.6396537887E+01
8.00 1.5510283345E+01 7.9798905597E-02 -1.2868976899E-08 9.9539644926E-09 7.9798905597E-02 1.5510283345E+01 6.2189023934E-07 1.5636403440E-07 -1.6110655762E-08 -6.2123935079E-07 1.5509914101E+01 -7.1317228430E-02 9.0756249602E-09 -1.5917310796E-07 7.1317228430E-02 1.5509914101E+01
9.00 1.4558562564E+01 9.5503201696E-02 -7.9398364298E-09 8.6479358768E-09 9.5503201696E-02 1.4558562564E+01 5.9873913932E-07 1.6191725136E-07 -1.1913239099E-08 -5.9781870141E-07 1.4557985440E+01 -8.7652545526E-02 7.5143414800E-09 -1.6546635998E-07 8.7652545526E-02 1.4557985440E+01
10.00 1.3558293463E+01 1.1063369559E-01 -1.8846882080E-09 8.3256035629E-09 1.1063369559E-01 1.3558293463E+01 5.7471283967E-07 1.6472299164E-07 -6.6281951185E-09 -5.7345874914E-07 1.3557437875E+01 -1.0469037620E-01 6.9307457407E-09 -1.6909368878E-07 1.0469037620E-01 1.3557437875E+01
11.00 1.2526465032E+01 1.2458406430E-01 5.1001334085E-09 9.2195254701E-09 1.2458406430E-01 1.2526465032E+01 5.5002418799E-07 1.6509143911E-07 -4.4408063828E-10 -5.4836636641E-07 1.2525250577E+01 -1.2207774209E-01 7.5739872825E-09 -1.7036041298E-07 1.2207774209E-01 1.2525250577E+01
12.00 1.1479935377E+01 1.3677791985E-01 1.2789190817E-08 1.1519247952E-08 1.3677791985E-01 1.1479935377E+01 5.2484667921E-07 1.6337906173E-07 6.4195758143E-09 -5.2270956616E-07 1.1478273437E+01 -1.3945238454E-01 9.6520438927E-09 -1.6961597909E-07 1.3945238454E-01 1.1478273437E+01
13.00 1.0435025048E+01 1.4668900274E-01 2.0933197278E-08 1.5361247268E-08 1.4668900274E-01 1.0435025048E+01 4.9931210953E-07 1.5997446771E-07 1.3717361628E-08 -4.9661534274E-07 1.0432820964E+01 -1.5645069788E-01 1.3320902961E-08 -1.6723952942E-07 1.5645069788E-01 1.0432820964E+01
14.00 9.4071388833E+00 1.5385989137E-01 2.9265307767E-08 2.0820929884E-08 1.5385989137E-01 9.4071388833E+00 4.7351051558E-07 1.5528401463E-07 2.1184250770E-08 -4.7016983888E-07 9.4042946719E+00 -1.7271603427E-01 1.8675750110E-08 -1.6362531265E-07 1.7271603427E-01 9.4042946719E+00
15.00 8.4104272924E+00 1.5791854572E-01 3.7508295559E-08 2.7907075558E-08 1.5791854572E-01 8.4104272924E+00 4.4749239958E-07 1.4971770162E-07 2.8542914491E-08 -4.4342083275E-07 8.4068448220E+00 -1.8790719231E-01 2.5744575013E-08 -1.5916848605E-07 1.8790719231E-01 8.4068448220E+00
16.00 7.4574962275E+00 1.5859205520E-01 4.5382418088E-08 3.6559013607E-08 1.5859205520E-01 7.4574962275E+00 4.2127312790E-07 1.4367583646E-07 3.5511875695E-08 -4.1638242203E-07 7.4530807645E+00 -2.0170687016E-01 3.4484511478E-08 -1.5425181489E-07 2.0170687016E-01 7.4530807645E+00
17.00 6.5591732498E+00 1.5571703888E-01 5.2613730347E-08 4.6646685129E-08 1.5571703888E-01 6.5591732498E+00 3.9483928567E-07 1.3753689699E-07 4.1814256923E-08 -3.8904167295E-07 6.5538372519E+00 -2.1382983810E-01 4.4781091666E-08 -1.4923369810E-07 2.1382983810E-01 6.5538372519E+00
18.00 5.7243349499E+00 1.4924624910E-01 5.8942548591E-08 5.7973638399E-08 1.4924624910E-01 5.7243349499E+00 3.6815664724E-07 1.3164694564E-07 4.7186807406E-08 -3.6136687612E-07 5.7180019657E+00 -2.2403056720E-01 5.6450487562E-08 -1.4443788146E-07 2.2403056720E-01 5.7180019657E+00
19.00 4.9597987558E+00 1.3925105574E-01 6.4131764548E-08 7.0282852751E-08 1.3925105574E-01 4.9597987558E+00 3.4117936274E-07 1.2631085576E-07 5.1388883120E-08 -3.3331698794E-07 4.9524072702E+00 -2.3211004295E-01 6.9244660783E-08 -1.4014511455E-07 2.3211004295E-01 4.9524072702E+00
20.00 4.2702798681E+00 1.2591963422E-01 6.7974669362E-08 8.3265178871E-08 1.2591963422E-01 4.2702798681E+00 3.1385986318E-07 1.2178553489E-07 5.4211004640E-08 -3.0485173655E-07 4.2617869209E+00 -2.3792149621E-01 8.2859231803E-08 -1.3658692682E-07 2.3792149621E-01 4.2617869209E+00
21.00 3.6584118214E+00 1.0955084077E-01 7.0301961779E-08 9.6570054694E-08 1.0955084077E-01 3.6584118214E+00 2.8615895986E-07 1.1827523109E-07 5.5482625743E-08 -2.7594184374E-07 3.6487962226E+00 -2.4137480054E-01 9.6943749342E-08 -1.3394159350E-07 2.4137480054E-01 3.6487962226E+00
22.00 3.1248270579E+00 9.0543928109E-02 7.0987619809E-08 1.0981805876E-07 9.0543928109E-02 3.1248270579E+00 2.5805558250E-07 1.1592892659E-07 5.5078745392E-08 -2.4657878366E-07 3.1140920213E+00 -2.4243931452E-01 1.1111394010E-07 -1.3233227427E-07 2.4243931452E-01 3.1140920213E+00
23.00 2.6682919838E+00 6.9384426005E-02 6.9953353230E-08 1.2261478079E-07 6.9384426005E-02 2.6682919838E+00 2.2955561564E-07 1.1483974648E-07 5.2925030822E-08 -2.1678351629E-07 2.6564670158E+00 -2.4114499066E-01 1.2496543374E-07 -1.3182722605E-07 2.4114499066E-01 2.6564670158E+00
24.00 2.2858893425E+00 4.6626676714E-02 6.7171399057E-08 1.3456543153E-07 4.6626676714E-02 2.2858893425E+00 2.0069932775E-07 1.1504623811E-07 4.9001164077E-08 -1.8661367356E-07 2.2730312381E+00 -2.3758162732E-01 1.3808839628E-07 -1.3244191541E-07 2.3758162732E-01 2.2730312381E+00
25.00 1.9732394144E+00 2.2873666988E-02 6.2665485347E-08 1.4528957801E-07 2.2873666988E-02 1.9732394144E+00 1.7156695427E-07 1.1653532164E-07 4.3342190762E-08 -1.5616874814E-07 1.9594322474E+00 -2.3189620475E-01 1.5008246477E-07 -1.3414279812E-07 2.3189620475E-01 1.9594322474E+00
26.00 1.7247506046E+00 -1.2450716077E-03 5.6509863371E-08 1.5443538990E-07 -1.2450716077E-03 1.7247506046E+00 1.4228208185E-07 1.1924666727E-07 3.6037730352E-08 -1.2559293004E-07 1.7101046307E+00 -2.2428831907E-01 1.6057137077E-07 -1.3685248701E-07 2.2428831907E-01 1.7101046307E+00
27.00 1.5338894015E+00 -2.5096621418E-02 4.8826394758E-08 1.6169280287E-07 -2.5096621418E-02 1.5338894015E+00 1.1301259753E-07 1.2307822661E-07 2.7229003222E-08 -9.5075360668E-08 1.5185388435E+00 -2.1500380529E-01 1.6921665500E-07 -1.4045600193E-07 2.1500380529E-01 1.5185388435E+00
28.00 1.3934595211E+00 -4.8067958318E-02 3.9779764152E-08 1.6680505489E-07 -4.8067958318E-02 1.3934595211E+00 8.3969082559E-08 1.2789262420E-07 1.7103725699E-08 -6.4847701991E-08 1.3775592548E+00 -2.0432671839E-01 1.7572991980E-07 -1.4480777560E-07 2.0432671839E-01 1.3775592548E+00
29.00 1.2958802557E+00 -6.9588388766E-02 2.9570981925E-08 1.6957812536E-07 -6.9588388766E-02 1.2958802557E+00 5.5400668627E-08 1.3352411680E-07 5.8890324785E-09 -3.5179066092E-08 1.2796014694E+00 -1.9256991705E-01 1.7988313441E-07 -1.4973909421E-07 1.9256991705E-01 1.2796014694E+00
30.00 1.2334546178E+00 -8.9150198913E-02 1.8429423697E-08 1.6988770013E-07 -8.9150198913E-02 1.2334546178E+00 2.7588505370E-08 1.3978583061E-07 -6.1573160327E-09 -6.3684929757E-09 1.2169795764E+00 -1.8006456341E-01 1.8151659462E-07 -1.5506565936E-07 1.8006456341E-01 1.2169795764E+00
31.00 1.1986187669E+00 -1.0632663264E-01 6.6037322335E-09 1.6768339780E-07 -1.0632663264E-01 1.1986187669E+00 8.3711641498E-10 1.4647700888E-07 -1.8757088942E-08 2.1264697929E-08 1.1821348643E+00 -1.6714891021E-01 1.8054424591E-07 -1.6059498577E-07 1.6714891021E-01 1.1821348643E+00
32.00 1.1841653773E+00 -1.2078642057E-01 -5.6480349666E-09 1.6299011188E-07 -1.2078642057E-01 1.1841653773E+00 -2.4535968108E-08 1.5339002712E-07 -3.1622676314E-08 4.7392238828E-08 1.1678587094E+00 -1.5415679162E-01 1.7695619143E-07 -1.6613338112E-07 1.5415679162E-01 1.1678587094E+00
33.00 1.1834349951E+00 -1.3230422655E-01 -1.8068577305E-08 1.5590645132E-07 -1.3230422655E-01 1.1834349951E+00 -4.8211814465E-08 1.6031696563E-07 -4.4468624118E-08 7.1689377713E-08 1.1674837252E+00 -1.4140626104E-01 1.7081833042E-07 -1.7149229468E-07 1.4140626104E-01 1.1674837252E+00
34.00 1.1904709767E+00 -1.4076655574E-01 -3.0411387289E-08 1.4660038863E-07 -1.4076655574E-01 1.1904709767E+00 -6.9882371343E-08 1.6705557021E-07 -5.7023089047E-08 9.3847860955E-08 1.1750387950E+00 -1.2918882866E-01 1.6226919469E-07 -1.7649387004E-07 1.2918882866E-01 1.1750387950E+00
35.00 1.2001352303E+00 -1.4617287163E-01 -4.2450192177E-08 1.3530234236E-07 -1.4617287163E-01 1.2001352303E+00 -8.9262842883E-08 1.7341446825E-07 -6.9038676389E-08 1.1358877749E-07 1.1853652207E+00 -1.1775973942E-01 1.5151416537E-07 -1.8097558131E-07 1.1775973942E-01 1.1853652207E+00
36.00 1.2081836289E+00 -1.4863188854E-01 -5.3987359764E-08 1.2229603109E-07 -1.4863188854E-01 1.2081836289E+00 -1.0610353914E-07 1.7921755143E-07 -8.0302137930E-08 1.3067460048E-07 1.1941928564E+00 -1.0732970053E-01 1.3881736143E-07 -1.8479388383E-07 1.0732970053E-01 1.1941928564E+00
37.00 1.2113015607E+00 -1.4835323006E-01 -6.4860877180E-08 1.0790752563E-07 -1.4835323006E-01 1.2113015607E+00 -1.2020062493E-07 1.8430747700E-07 -9.0642459008E-08 1.4491980460E-07 1.1981766719E+00 -9.8058415564E-02 1.2449158068E-07 -1.8782685672E-07 9.8058415564E-02 1.1981766719E+00
38.00 1.2071015695E+00 -1.4563486262E-01 -7.4949565646E-08 9.2492997310E-08 -1.4563486262E-01 1.2071015695E+00 -1.3140522720E-07 1.8854827560E-07 -9.9936922563E-08 1.5619948896E-07 1.1948956629E+00 -9.0050212222E-02 1.0888674835E-07 -1.8997585670E-07 9.0050212222E-02 1.1948956629E+00
39.00 1.1940863623E+00 -1.4084691389E-01 -8.4176287379E-08 7.6425705120E-08 -1.4084691389E-01 1.1940863623E+00 -1.3963045346E-07 1.9182708835E-07 -1.0811484393E-07 1.6445554811E-07 1.1828173305E+00 -8.3351965608E-02 9.2377375643E-08 -1.9116623997E-07 8.3351965608E-02 1.1828173305E+00
40.00 1.1715815702E+00 -1.3441265890E-01 -9.2508989913E-08 6.0082786465E-08 -1.3441265890E-01 1.1715815702E+00 -1.4485596892E-07 1.9405508468E-07 -1.1515877425E-07 1.6970004806E-07 1.1612320513E+00 -7.7953421409E-02 7.5349560547E-08 -1.9134724046E-07 7.7953421409E-02 1.1612320513E+00
41.00 1.1396435248E+00 -1.2678759251E-01 -9.9959541100E-08 4.3832410870E-08 -1.2678759251E-01 1.1396435248E+00 -1.4712990461E-07 1.9516763930E-07 -1.2110309849E-07 1.7201561174E-07 1.1301625184E+00 -7.3789918797E-02 5.8188065411E-08 -1.9049112027E-07 7.3789918797E-02 1.1301625184E+00
42.00 1.0989479097E+00 -1.1843759776E-01 -1.0658041889E-07 2.8021824497E-08 -1.1843759776E-01 1.0989479097E+00 -1.4656800024E-07 1.9512385904E-07 -1.2603008706E-07 1.7155277210E-07 1.0902540293E+00 -7.0747405271E-02 4.1263984112E-08 -1.8859171862E-07 7.0747405271E-02 1.0902540293E+00
43.00 1.0506654817E+00 -1.0981726060E-01 -1.1245942658E-07 1.2966754088E-08 -1.0981726060E-01 1.0506654817E+00 -1.4335002458E-07 1.9390556448E-07 -1.3006359073E-07 1.6852441123E-07 1.0426517248E+00 -6.8669530550E-02 2.4923464375E-08 -1.8566253707E-07 6.8669530550E-02 1.0426517248E+00
44.00 9.9633110686E-01 -1.0134936980E-01 -1.1771270496E-07 -1.0574277923E-09 -1.0134936980E-01 9.9633110686E-01 -1.3771364776E-07 1.9151583989E-07 -1.3336069323E-07 1.6319755428E-07 9.8887093860E-01 -6.7366509030E-02 9.4778972314E-09 -1.8173450404E-07 6.7366509030E-02 9.8887093860E-01
45.00 9.3771215533E-01 -9.3406576674E-02 -1.2247639869E-07 -1.3822476948E-08 -9.3406576674E-02 9.3771215533E-01 -1.2994606355E-07 1.8797725750E-07 -1.3610174331E-07 1.5588292476E-07 9.3066662116E-01 -6.6625355139E-02 -4.8041043024E-09 -1.7685354784E-07 6.6625355139E-02 9.3066662116E-01
46.00 8.7668185393E-01 -8.6296075620E-02 -1.2689740613E-07 -2.5151791674E-08 -8.6296075620E-02 8.7668185393E-01 -1.2037377026E-07 1.8332988242E-07 -1.3847927960E-07 1.4692278750E-07 8.6990737199E-01 -6.6221027609E-02 -1.7702701059E-08 -1.7107810224E-07 6.6221027609E-02 8.6990737199E-01
47.00 8.1510255362E-01 -8.0248009013E-02 -1.3112368526E-07 -3.4922576402E-08 -8.0248009013E-02 8.1510255362E-01 -1.0935099696E-07 1.7762915397E-07 -1.4068641883E-07 1.3667768598E-07 8.0845898635E-01 -6.5927970946E-02 -2.9050657838E-08 -1.6447665189E-07 6.5927970946E-02 8.0845898635E-01
48.00 7.5472305640E-01 -7.5408107042E-02 -1.3529461639E-07 -4.3065684059E-08 -7.5408107042E-02 7.5472305640E-01 -9.7247327428E-08 1.7094372190E-07 -1.4290531511E-07 1.2551274217E-07 7.4808163285E-01 -6.5531518034E-02 -3.8734976481E-08 -1.5712540031E-07 6.5531518034E-02 7.4808163285E-01
49.00 6.9709321737E-01 -7.1834854212E-02 -1.3953191479E-07 -4.9563265553E-08 -7.1834854212E-02 6.9709321737E-01 -8.4435097348E-08 1.6335330672E-07 -1.4529629230E-07 1.1378419805E-07 6.9034387154E-01 -6.4838618476E-02 -4.6696389243E-08 -1.4910612846E-07 6.4838618476E-02 6.9034387154E-01
50.00 6.4349803333E-01 -6.9501241443E-02 -1.4393156248E-07 -5.4444461066E-08 -6.9501241443E-02 6.4349803333E-01 -7.1277142095E-08 1.5494663096E-07 -1.4798822327E-07 1.0182686113E-07 6.3655574266E-01 -6.3687383568E-02 -5.2926870176E-08 -1.4050428314E-07 6.3687383568E-02 6.3655574266E-01
51.00 5.9491240028E-01 -6.8300927840E-02 -1.4855717264E-07 -5.7779445675E-08 -6.8300927840E-02 5.9491240028E-01 -5.8115441633E-08 1.4581945522E-07 -1.5107066258E-07 8.9943059869E-08 5.8772215077E-01 -6.1954989811E-02 -5.7465395752E-08 -1.3140731705E-07 6.1954989811E-02 5.8772215077E-01
52.00 5.5197671227E-01 -6.8058411827E-02 -1.5343512629E-07 -5.9672210882E-08 -6.8058411827E-02 5.5197671227E-01 -4.5261147649E-08 1.3607273605E-07 -1.5458814790E-07 7.8393623294E-08 5.4451678228E-01 -5.9563556749E-02 -6.0392255039E-08 -1.2190328141E-07 5.9563556749E-02 5.4451678228E-01
53.00 5.1499252745E-01 -6.8542609078E-02 -1.5855173244E-07 -6.0252506990E-08 -6.8542609078E-02 5.1499252745E-01 -3.2986401553E-08 1.2581090882E-07 -1.5853697446E-07 6.7391288478E-08 5.0727586652E-01 -5.6483708381E-02 -6.1822257319E-08 -1.1207965478E-07 5.6483708381E-02 5.0727586652E-01
54.00 4.8393667989E-01 -6.9483065210E-02 -1.6385255273E-07 -5.9667392926E-08 -6.9483065210E-02 4.8393667989E-01 -2.1518244233E-08 1.1514028874E-07 -1.6286460965E-07 5.7096795585E-08 4.7601025877E-01 -5.2735636290E-02 -6.1897213590E-08 -1.0202238074E-07 5.2735636290E-02 4.7601025877E-01
55.00 4.5849149925E-01 -7.0587903069E-02 -1.6924392515E-07 -5.8072839286E-08 -7.0587903069E-02 4.5849149925E-01 -1.1034809761E-08 1.0416757501E-07 -1.6747178003E-07 4.7617786220E-08 4.5043361642E-01 -4.8387601917E-02 -6.0778079807E-08 -9.1815077065E-08 4.8387601917E-02 4.5043361642E-01
56.00 4.3808823745E-01 -7.1562524356E-02 -1.7459660580E-07 -5.5625804582E-08 -7.1562524356E-02 4.3808823745E-01 -1.6638714328E-09 9.2998440492E-08 -1.7221711794E-07 3.9010463775E-08 4.3000388077E-01 -4.3551939433E-02 -5.8637138270E-08 -8.1538376974E-08 4.3551939433E-02 4.3000388077E-01
57.00 4.2196040814E-01 -7.2128056943E-02 -1.7975134083E-07 -5.2477161144E-08 -7.2128056943E-02 4.2196040814E-01 6.5163109875E-09 8.1736188016E-08 -1.7692412004E-07 3.1283826348E-08 4.1397488026E-01 -3.8378743441E-02 -5.5650568237E-08 -7.1269362101E-08 3.8378743441E-02 4.1397488026E-01
58.00 4.0920352661E-01 -7.2038563774E-02 -1.8452608287E-07 -4.8765783619E-08 -7.2038563774E-02 4.0920352661E-01 1.3474008066E-08 7.0480458862E-08 -1.8139004841E-07 2.4406146757E-08 4.0145464443E-01 -3.3047541239E-02 -5.1991713133E-08 -6.1081052390E-08 3.3047541239E-02 4.0145464443E-01
59.00 3.9883769522E-01 -7.1096104890E-02 -1.8872448455E-07 -4.4614034803E-08 -7.1096104890E-02 3.9883769522E-01 1.9219170232E-08 5.9325984860E-08 -1.8539630228E-07 1.8313256608E-08 3.9146695954E-01 -2.7757351915E-02 -4.7825294889E-08 -5.1041925697E-08 2.7757351915E-02 3.9146695954E-01
60.00 3.8986960145E-01 -6.9162866503E-02 -1.9214523971E-07 -4.0124799374E-08 -6.9162866503E-02 3.8986960145E-01 2.3797060503E-08 4.8361383665E-08 -1.8871971408E-07 1.2918104824E-08 3.8301279965E-01 -2.2715618772E-02 -4.3302763544E-08 -4.1215448942E-08 2.2715618772E-02 3.8301279965E-01
61.00 3.8135076907E-01 -6.6169733282E-02 -1.9459180331E-07 -3.5380122140E-08 -6.6169733282E-02 3.8135076907E-01 2.7280786428E-08 3.7668007493E-08 -1.9114417654E-07 8.1210004941E-09 3.7512851554E-01 -1.8126563231E-02 -3.8558896970E-08 -3.1659615466E-08 1.8126563231E-02 3.7512851554E-01
62.00 3.7242930387E-01 -6.2120873255E-02 -1.9588200685E-07 -3.0441417893E-08 -6.2120873255E-02 3.7242930387E-01 2.9763183867E-08 2.7318864519E-08 -1.9247199521E-07 3.8199280849E-09 3.6693803839E-01 -1.4179544020E-02 -3.3709695340E-08 -2.2426493122E-08 1.4179544020E-02 3.6693803839E-01
63.00 3.6239288001E-01 -5.7094118592E-02 -1.9585709628E-07 -2.5351133416E-08 -5.7094118592E-02 3.6239288001E-01 3.1348519165E-08 1.7377641838E-08 -1.9253437913E-07 -7.9666776363E-11 3.5769683166E-01 -1.1038012916E-02 -2.8851544539E-08 -1.3561798678E-08 1.1038012916E-02 3.5769683166E-01
64.00 3.5070129088E-01 -5.1237148715E-02 -1.9438975289E-07 -2.0135665254E-08 -5.1237148715E-02 3.5070129088E-01 3.2144464992E-08 7.8978662275E-09 -1.9120053176E-07 -3.6561793663E-09 3.4682587494E-01 -8.8296369887E-03 -2.4061558094E-08 -5.1045226743E-09 8.8296369887E-03 3.4682587494E-01
65.00 3.3700750995E-01 -4.4759702959E-02 -1.9139071578E-07 -1.4809274607E-08 -4.4759702959E-02 3.3700750995E-01 3.2254767671E-08 -1.0777564949E-09 -1.8838488454E-07 -6.9647177374E-09 3.3393455956E-01 -7.6381075187E-03 -1.9398952991E-08 2.9133657310E-09 7.6381075187E-03 3.3393455956E-01
66.00 3.2116684093E-01 -3.7922257109E-02 -1.8681369844E-07 -9.3786935771E-09 -3.7922257109E-02 3.2116684093E-01 3.1772967814E-08 -9.5177818771E-09 -1.8405211559E-07 -1.0031927246E-08 3.1883198698E-01 -7.4970798203E-03 -1.4907270147E-08 1.0467102249E-08 7.4970798203E-03 3.1883198698E-01
67.00 3.0323435349E-01 -3.1021780984E-02 -1.8065838018E-07 -3.8480883470E-09 -3.1021780984E-02 3.0323435349E-01 3.0777462921E-08 -1.7402206598E-08 -1.7821971438E-07 -1.2853032188E-08 3.0152676061E-01 -8.3865892087E-03 -1.0617218686E-08 1.7539167367E-08 8.3865892087E-03 3.0152676061E-01
68.00 2.8345137322E-01 -2.4375343777E-02 -1.7297135406E-07 1.7759630110E-09 -2.4375343777E-02 2.8345137322E-01 2.9328113104E-08 -2.4722354986E-08 -1.7095798491E-07 -1.5391226085E-08 2.8221592137E-01 -1.0232170898E-02 -6.5499070944E-09 2.4119156964E-08 1.0232170898E-02 2.8221592137E-01
69.00 2.6222229905E-01 -1.8302442833E-02 -1.6384501284E-07 7.4798112955E-09 -1.8302442833E-02 2.6222229905E-01 2.7464498529E-08 -3.1480447889E-08 -1.6238751099E-07 -1.7579407666E-08 2.6126417609E-01 -1.2906781132E-02 -2.7202192700E-09 3.0203463609E-08 1.2906781132E-02 2.6126417609E-01
70.00 2.4008343809E-01 -1.3106994855E-02 -1.5341445804E-07 1.3238699222E-08 -1.3106994855E-02 2.4008343809E-01 2.5205841058E-08 -3.7688844501E-08 -1.5267423817E-07 -1.9324126168E-08 2.3917498434E-01 -1.6235479505E-02 8.5989540172E-10 3.5794760777E-08 1.6235479505E-02 2.3917498434E-01
71.00 2.1766586254E-01 -9.0599434908E-03 -1.4185260934E-07 1.9013606276E-08 -9.0599434908E-03 2.1766586254E-01 2.2552511969E-08 -4.3368961366E-08 -1.4202244407E-07 -2.0511479271E-08 2.1655539093E-01 -2.0002694831E-02 4.1784277864E-09 4.0901292212E-08 2.0002694831E-02 2.1655539093E-01
72.00 1.9565449646E-01 -6.3834036555E-03 -1.2936377658E-07 2.4749178517E-08 -6.3834036555E-03 1.9565449646E-01 1.9488962360E-08 -4.8549890318E-08 -1.3066597228E-07 -2.1014600500E-08 1.9407670629E-01 -2.3961765779E-02 7.2207897427E-09 4.5535982038E-08 2.3961765779E-02 1.9407670629E-01
73.00 1.7474572777E-01 -5.2371829957E-03 -1.1617602387E-07 3.0372877198E-08 -5.2371829957E-03 1.7474572777E-01 1.5987841683E-08 -5.3266754984E-08 -1.1885818471E-07 -2.0702291087E-08 1.7243324284E-01 -2.7846329282E-02 9.9679076356E-09 4.9715394749E-08 2.7846329282E-02 1.7243324284E-01
74.00 1.5560581498E-01 -5.7083990535E-03 -1.0253270381E-07 3.5795410850E-08 -5.7083990535E-03 1.5560581498E-01 1.2015015729E-08 -5.7558859127E-08 -1.0686114148E-07 -1.9448296569E-08 1.5230131067E-01 -3.1383030531E-02 1.2395025800E-08 5.3458582686E-08 3.1383030531E-02 1.5230131067E-01
75.00 1.3883222403E-01 -7.8047534853E-03 -8.8683571265E-08 4.0912437969E-08 -7.8047534853E-03 1.3883222403E-01 7.5351545854E-09 -6.1467696856E-08 -9.4934546985E-08 -1.7140698257E-08 1.3430056754E-01 -3.4304953127E-02 1.4471266826E-08 5.6785871101E-08 3.4304953127E-02 1.3430056754E-01
76.00 1.2491980059E-01 -1.1451840176E-02 -7.4875891443E-08 4.5607459080E-08 -1.1451840176E-02 1.2491980059E-01 2.5175453171E-09 -6.5034902881E-08 -8.3324997128E-08 -1.3690894284E-08 1.1895961462E-01 -3.6365121008E-02 1.6159952962E-08 5.9717634111E-08 3.6365121008E-02 1.1895961462E-01
77.00 1.1423337092E-01 -1.6494661639E-02 -6.1345946863E-08 4.9755750012E-08 -1.6494661639E-02 1.1423337092E-01 -3.0582184420E-09 -6.8300228810E-08 -7.2256038082E-08 -9.0416720339E-09 1.0668744500E-01 -3.7349407623E-02 1.7419647299E-08 6.2273119546E-08 3.7349407623E-02 1.0668744500E-01
78.00 1.0698798778E-01 -2.2703317723E-02 -4.8311313392E-08 5.3229133503E-08 -2.2703317723E-02 1.0698798778E-01 -9.1969971261E-09 -7.1299632594E-08 -6.1919491690E-08 -3.1739313893E-09 9.7752002655E-02 -3.7088203923E-02 1.8205836090E-08 6.4469378680E-08 3.7088203923E-02 9.7752002655E-02
79.00 1.0323761768E-01 -2.9782622662E-02 -3.5964227511E-08 5.5901342674E-08 -2.9782622662E-02 1.0323761768E-01 -1.5883610613E-08 -7.4063565504E-08 -5.2468430520E-08 3.8883063746E-09 9.2266714329E-02 -3.5466244786E-02 1.8473140943E-08 6.6320353280E-08 3.5466244786E-02 9.2266714329E-02
80.00 1.0287262168E-01 -3.7385210901E-02 -2.4466302571E-08 5.7653700542E-08 -3.7385210901E-02 1.0287262168E-01 -2.3079333350E-08 -7.6615532414E-08 -4.4012094022E-08 1.2074873883E-08 9.0185435333E-02 -3.2430071703E-02 1.8177925467E-08 6.7836163678E-08 3.2430071703E-02 9.0185435333E-02
81.00 1.0562593603E-01 -4.5127518202E-02 -1.3944778715E-08 5.8380825547E-08 -4.5127518202E-02 1.0562593603E-01 -3.0719567258E-08 -7.8970988637E-08 -3.6612936171E-08 2.1268582968E-08 9.1305823440E-02 -2.7992714564E-02 1.7281144688E-08 6.9022631428E-08 2.7992714564E-02 9.1305823440E-02
82.00 1.1108743219E-01 -5.2607880432E-02 -4.4904109842E-09 5.7996073699E-08 -5.2607880432E-02 1.1108743219E-01 -3.8712815094E-08 -8.1136620076E-08 -3.0285887097E-08 3.1306554818E-08 9.5280742163E-02 -2.2235302549E-02 1.5751277750E-08 6.9881057147E-08 2.2235302549E-02 9.5280742163E-02
83.00 1.1872554592E-01 -5.9425884732E-02 3.8429819185E-09 5.6436443198E-08 -5.9425884732E-02 1.1872554592E-01 -4.6941009279E-08 -8.3110034694E-08 -2.4999802991E-08 4.1983699600E-08 1.0163691477E-01 -1.5305457641E-02 1.3567184365E-08 7.0408260859E-08 1.5305457641E-02 1.0163691477E-01
84.00 1.2791493052E-01 -6.5202041404E-02 1.1037364573E-08 5.3666696659E-08 -6.5202041404E-02 1.2791493052E-01 -5.5261185021E-08 -8.4879871495E-08 -2.0680977666E-08 5.3058188285E-08 1.0979971961E-01 -7.4124772333E-03 1.0720734139E-08 7.0596876995E-08 7.4124772332E-03 1.0979971961E-01
85.00 1.3796862240E-01 -6.9596822612E-02 1.7107858671E-08 4.9682494551E-08 -6.9596822612E-02 1.3796862240E-01 -6.3508422737E-08 -8.6426313399E-08 -1.7218494407E-08 6.4258664970E-08 1.1912274926E-01 1.1805324132E-03 7.2190704460E-09 7.0435884443E-08 -1.1805324133E-03 1.1912274926E-01
86.00 1.4817301954E-01 -7.2328136788E-02 2.2098837650E-08 4.4512383573E-08 -7.2328136788E-02 1.4817301954E-01 -7.1499930202E-08 -8.7721969426E-08 -1.4471121298E-08 7.5292873936E-08 1.2892056146E-01 1.0167260265E-02 3.0863915660E-09 6.9911339003E-08 -1.0167260265E-02 1.2892056146E-01
87.00 1.5782387032E-01 -7.3186374169E-02 2.6078989393E-08 3.8218536802E-08 -7.3186374169E-02 1.5782387032E-01 -7.9040086762E-08 -8.8733074951E-08 -1.2275389734E-08 8.5857315056E-08 1.3850293481E-01 1.9211083442E-02 -1.6348468887E-09 6.9007267961E-08 -1.9211083442E-02 1.3850293481E-01
88.00 1.6626145586E-01 -7.2046266039E-02 2.9135631425E-08 3.0896201478E-08 -7.2046266039E-02 1.6626145586E-01 -8.5926237299E-08 -8.9420943576E-08 -1.0454456016E-08 9.5647505634E-08 1.4720891070E-01 2.7959682861E-02 -6.8833766420E-09 6.7706678494E-08 -2.7959682861E-02 1.4720891070E-01
89.00 1.7290322059E-01 -6.8874942954E-02 3.1368585971E-08 2.2671867056E-08 -6.8874942954E-02 1.7290322059E-01 -9.1954998080E-08 -8.9743595768E-08 -8.8273238009E-09 1.0436840900E-07 1.5443895274E-01 3.6060723784E-02 -1.2579252114E-08 6.5992630976E-08 -3.6060723784E-02 1.5443895274E-01
90.00 1.7727225910E-01 -6.3735749029E-02 3.2883929943E-08 1.3700222993E-08 -6.3735749029E-02 1.7727225910E-01 -9.6928824641E-08 -8.9657483088E-08 -7.2180036547E-09 1.1174459521E-07 1.5968368300E-01 4.3177882372E-02 -1.8624690963E-08 6.3849326486E-08 -4.3177882372E-02 1.5968368300E-01
91.00 1.7902029324E-01 -5.6787562489E-02 3.3787925692E-08 4.1600252795E-09 -5.6787562489E-02 1.7902029324E-01 -1.0066259045E-07 -8.9119228126E-08 -5.4642054828E-09 1.1752972384E-07 1.6254785086E-01 4.9006472212E-02 -2.4905609858E-08 6.1263163176E-08 -4.9006472212E-02 1.6254785086E-01
92.00 1.7794406029E-01 -4.8279578457E-02 3.4181417743E-08 -5.7509643048E-09 -4.8279578457E-02 1.7794406029E-01 -1.0298993363E-07 -8.8087304448E-08 -3.4251927782E-09 1.2151497894E-07 1.6276844612E-01 5.3287933407E-02 -3.1293819791E-08 5.8223721284E-08 -5.3287933407E-02 1.6276844612E-01
93.00 1.7399436683E-01 -3.8541719280E-02 3.4154944884E-08 -1.5821767875E-08 -3.8541719280E-02 1.7399436683E-01 -1.0376914756E-07 -8.6523591030E-08 -9.8847967869E-10 1.2353614318E-07 1.6022616843E-01 5.5822491105E-02 -3.7649824002E-08 5.4724645827E-08 -5.5822491105E-02 1.6022616843E-01
94.00 1.6727742657E-01 -2.7971041279E-02 3.3784773000E-08 -2.5834484711E-08 -2.7971041279E-02 1.6727742657E-01 -1.0288841643E-07 -8.4394748222E-08 1.9248878905E-09 1.2347906415E-07 1.5494979579E-01 5.6479368576E-02 -4.3826140742E-08 5.0764404828E-08 -5.6479368577E-02 1.5494979579E-01
95.00 1.5804847855E-01 -1.7014695669E-02 3.3130002315E-08 -3.5570848077E-08 -1.7014695669E-02 1.5804847855E-01 -1.0027022670E-07 -8.1673378410E-08 5.3566562036E-09 1.2128333895E-07 1.4711333976E-01 5.5204048481E-02 -4.9671057825E-08 4.6346912105E-08 -5.5204048481E-02 1.4711333976E-01
96.00 1.4669805462E-01 -6.1501671783E-03 3.2230844275E-08 -4.4818798728E-08 -6.1501671783E-03 1.4669805462E-01 -9.5874821032E-08 -7.8338951190E-08 9.3094066187E-09 1.1694412103E-07 1.3702621778E-01 5.2022209819E-02 -5.5032710213E-08 4.1482012247E-08 -5.2022209819E-02 1.3702621778E-01
97.00 1.3373161731E-01 4.1363507323E-03 3.1108105588E-08 -5.3378834100E-08 4.1363507323E-03 1.3373161731E-01 -8.9702596900E-08 -7.4378490545E-08 1.3746356547E-08 1.1051203024E-07 1.2511699771E-01 4.7040120713E-02 -5.9763363084E-08 3.6185834817E-08 -4.7040120713E-02 1.2511699771E-01
98.00 1.1974360319E-01 1.3372486380E-02 2.9763857968E-08 -6.1069903778E-08 1.3372486380E-02 1.1974360319E-01 -8.1795388491E-08 -6.9787036893E-08 1.8592884329E-08 1.0209121932E-07 1.1191156217E-01 4.0441431298E-02 -6.3723772954E-08 3.0481030724E-08 -4.0441431298E-02 1.1191156217E-01
99.00 1.0538716932E-01 2.1122110762E-02 2.8183216867E-08 -6.7734645669E-08 2.1122110762E-02 1.0538716932E-01 -7.2236606742E-08 -6.4567911235E-08 2.3739674268E-08 9.1835718872E-08 9.8006787569E-02 3.2480478506E-02 -6.6787496470E-08 2.4396908336E-08 -3.2480478506E-02 9.8006787569E-02
100.00 9.1341139908E-02 2.7006619919E-02 2.6337103498E-08 -7.3243784282E-08 2.7006619919E-02 9.1341139908E-02 -6.1150245628E-08 -5.8732818374E-08 2.9047318086E-08 7.9944240427E-08 8.4041024666E-02 2.3472377242E-02 -6.8845013205E-08 1.7969487797E-08 -2.3472377242E-02 8.4041024666E-02
101.00 7.8275776914E-02 3.0724081385E-02 2.4185821560E-08 -7.7499547933E-08 3.0724081385E-02 7.8275776914E-02 -4.8698793713E-08 -5.2301832958E-08 3.4352155949E-08 6.6653666051E-08 7.0662796377E-02 1.3780322303E-02 -6.9807530784E-08 1.1241491007E-08 -1.3780322303E-02 7.0662796377E-02
102.00 6.6819048144E-02 3.2065323308E-02 2.1683247800E-08 -8.0437999718E-08 3.2065323308E-02 6.6819048144E-02 -3.5080117572E-08 -4.5303313660E-08 3.9473099883E-08 5.2231490075E-08 5.8499190226E-02 3.8006550819E-03 -6.9610345003E-08 4.2622803875E-09 -3.8006550820E-03 5.8499190226E-02
103.00 5.7525036415E-02 3.0926162588E-02 1.8781411932E-08 -8.2030218745E-08 3.0926162588E-02 5.7525036415E-02 -2.0523407491E-08 -3.7773788829E-08 4.4219152079E-08 3.6967503579E-08 4.8125415641E-02 -6.0536477832E-03 -6.8215635539E-08 -2.9122461834E-09 6.0536477832E-03 4.8125415641E-02
104.00 5.0846025700E-02 2.7315123614E-02 1.5435228650E-08 -8.2282309797E-08 2.7315123614E-02 5.0846025700E-02 -5.2842968361E-09 -2.9757849652E-08 4.8397312817E-08 2.1165025839E-08 4.0036922393E-02 -1.5370334957E-02 -6.5614588504E-08 -1.0219804974E-08 1.5370334957E-02 4.0036922393E-02
105.00 4.7109620344E-02 2.1356185927E-02 1.1607143448E-08 -8.1234261869E-08 2.1356185927E-02 4.7109620344E-02 1.0360717340E-08 -2.1308076457E-08 5.1820567187E-08 5.1319885181E-09 3.4625340578E-02 -2.3755324488E-02 -6.1828752257E-08 -1.7591929646E-08 2.3755324488E-02 3.4625340578E-02
106.00 4.6502009681E-02 1.3286310058E-02 7.2714615176E-09 -7.8957716798E-08 1.3286310058E-02 4.6502009680E-02 2.6120410566E-08 -1.2485010959E-08 5.4315644697E-08 -1.0827829974E-08 3.2159312232E-02 -3.0849465249E-02 -5.6910551365E-08 -2.4954245448E-08 3.0849465249E-02 3.2159312232E-02
107.00 4.9058194473E-02 3.4477174048E-03 2.4181484704E-09 -7.5552745588E-08 3.4477174048E-03 4.9058194472E-02 4.1695372670E-08 -3.3571717331E-09 5.5730262359E-08 -2.6423141215E-08 3.2771049745E-02 -3.6343885156E-02 -5.0942904322E-08 -3.2226838938E-08 3.6343885156E-02 3.2771049745E-02
108.00 5.4659657293E-02 -7.7248670164E-03 -2.9440822045E-09 -7.1143764595E-08 -7.7248670164E-03 5.4659657293E-02 5.6784795793E-08 5.9989050270E-09 5.5939587232E-08 -4.1382802130E-08 3.6449188192E-02 -3.9993264996E-02 -4.4037916655E-08 -3.9324753590E-08 3.9993264996E-02 3.6449188192E-02
109.00 6.3039601960E-02 -1.9721570507E-02 -8.7855454085E-09 -6.5874750933E-08 -1.9721570507E-02 6.3039601960E-02 7.1093345269E-08 1.5498632499E-08 5.4851688062E-08 -5.5462569817E-08 4.3038210353E-02 -4.1626476210E-02 -3.6334647826E-08 -4.6158643801E-08 4.1626476210E-02 4.3038210353E-02
110.00 7.3795524192E-02 -3.1978672650E-02 -1.5054334280E-08 -5.9903939401E-08 -3.1978672650E-02 7.3795524192E-02 8.4337949157E-08 2.5049394040E-08 5.2411786810E-08 -6.8450775509E-08 5.2244427674E-02 -4.1154145153E-02 -2.7995980053E-08 -5.2635620081E-08 4.1154145153E-02 5.2244427674E-02
111.00 8.6408523673E-02 -4.3903001324E-02 -2.1676110240E-08 -5.3398198927E-08 -4.3903001324E-02 8.6408523673E-02 9.6254343421E-08 3.4550673551E-08 4.8605166432E-08 -8.0172779846E-08 6.3648211070E-02 -3.8572848816E-02 -1.9204648685E-08 -5.8660313443E-08 3.8572848816E-02 6.3648211070E-02
112.00 1.0026844337E-01 -5.4898415371E-02 -2.8554952732E-08 -4.6527294690E-08 -5.4898415371E-02 1.0026844337E-01 1.0660321466E-07 4.3894357527E-08 4.3458641206E-08 -9.0494116190E-08 7.6721894733E-02 -3.3965800371E-02 -1.0158524006E-08 -6.4136179828E-08 3.3965800371E-02 7.6721894733E-02
113.00 1.1470364035E-01 -6.4393242917E-02 -3.5575242404E-08 -3.9458243878E-08 -6.4393242917E-02 1.1470364035E-01 1.1517579050E-07 5.2965272180E-08 3.7040547793E-08 -9.9322274901E-08 9.0852535454E-02 -2.7500039608E-02 -1.0652652139E-09 -6.8967054257E-08 2.7500039608E-02 9.0852535454E-02
114.00 1.2901396689E-01 -7.1867468912E-02 -4.2604506504E-08 -3.2349966315E-08 -7.1867468912E-02 1.2901396689E-01 1.2179873859E-07 6.1642015222E-08 2.9459267320E-08 -1.0660712656E-07 1.0536850896E-01 -1.9420295664E-02 7.8635051317E-09 -7.3058950020E-08 1.9420295664E-02 1.0536850896E-01
115.00 1.4250538222E-01 -7.6878441025E-02 -4.9497114090E-08 -2.5348418048E-08 -7.6878441025E-02 1.4250538222E-01 1.2633824991E-07 6.9798133326E-08 2.0860340250E-08 -1.1234002600E-07 1.1956877133E-01 -1.0039830207E-02 1.6418333369E-08 -7.6322082188E-08 1.0039830207E-02 1.1956877133E-01
116.00 1.5452453112E-01 -7.9083892163E-02 -5.6098672890E-08 -1.8582375133E-08 -7.9083892163E-02 1.5452453112E-01 1.2870320001E-07 7.7303682662E-08 1.1422283729E-08 -1.1655167962E-07 1.3275351261E-01 2.7130796953E-04 2.4398181854E-08 -7.8673077354E-08 -2.7130796959E-04 1.3275351261E-01
117.00 1.6449162026E-01 -7.8261161108E-02 -6.2250950114E-08 -1.2160009113E-08 -7.8261161108E-02 1.6449162026E-01 1.2884730245E-07 8.4027191816E-08 1.3512656825E-09 -1.1930889548E-07 1.4425488511E-01 1.1100086485E-02 3.1616584945E-08 -8.0037313318E-08 -1.1100086485E-02 1.4425488511E-01
118.00 1.7192999713E-01 -7.4321628172E-02 -6.7797117639E-08 -6.1663627877E-09 -7.4321628172E-02 1.7192999713E-01 1.2677019294E-07 8.9838025267E-08 -9.1251714942E-09 -1.2071036756E-07 1.5346649973E-01 2.2005748289E-02 3.7907503008E-08 -8.0351316807E-08 -2.2005748289E-02 1.5346649973E-01
119.00 1.7649098605E-01 -6.7319566099E-02 -7.2587109613E-08 -6.6180045487E-10 -6.7319566099E-02 1.7649098605E-01 1.2251740852E-07 9.4609121734E-08 -1.9765113919E-08 -1.2088167135E-07 1.5987044960E-01 3.2535880511E-02 4.3130663680E-08 -7.9565132150E-08 -3.2535880511E-02 1.5987044960E-01
120.00 1.7797275496E-01 -5.7454831130E-02 -7.6482875485E-08 4.3185330786E-09 -5.7454831130E-02 1.7797275496E-01 1.1617925520E-07 9.8220057346E-08 -3.0319757098E-08 -1.1996966857E-07 1.6306073600E-01 4.2242635590E-02 4.7176191380E-08 -7.7644564263E-08 -4.2242635590E-02 1.6306073600E-01
121.00 1.7633226451E-01 -4.5069076656E-02 -7.9363317757E-08 8.7642489894E-09 -4.5069076656E-02 1.7633226451E-01 1.0788858513E-07 1.0056035856E-07 -4.0541103036E-08 -1.1813652966E-07 1.6276213176E-01 5.0698464501E-02 4.9968343156E-08 -7.4573191980E-08 -5.0698464501E-02 1.6276213176E-01
122.00 1.7168967528E-01 -3.0635451625E-02 -8.1128716157E-08 1.2688290737E-08 -3.0635451625E-02 1.7168967528E-01 9.7817536455E-08 1.0153296805E-07 -5.0189603931E-08 -1.1555359052E-07 1.5884371373E-01 5.7510766902E-02 5.1468196430E-08 -7.0354047764E-08 -5.7510766902E-02 1.5884371373E-01
123.00 1.6432494402E-01 -1.4742036179E-02 -8.1704463785E-08 1.6124631339E-08 -1.4742036179E-02 1.6432494402E-01 8.6173315594E-08 1.0105774668E-07 -5.9041489779E-08 -1.1239525519E-07 1.5132652059E-01 6.2334932119E-02 5.1675167889E-08 -6.5010864074E-08 -6.2334932119E-02 1.5132652059E-01
124.00 1.5466670918E-01 1.9304450599E-03 -8.1043968459E-08 1.9125206965E-08 1.9304450599E-03 1.5466670918E-01 7.3193130810E-08 9.9074880340E-08 -6.6895528539E-08 -1.0883314873E-07 1.4038503411E-01 6.4885333536E-02 5.0627283291E-08 -5.8588797875E-08 -6.4885333536E-02 1.4038503411E-01
125.00 1.4327393251E-01 1.8635819018E-02 -7.9130608428E-08 2.1756230383E-08 1.8635819018E-02 1.4327393251E-01 5.9138410699E-08 9.5548050567E-08 -7.3578991673E-08 -1.0503070769E-07 1.2634243300E-01 6.4943942072E-02 4.8400162429E-08 -5.1154560094E-08 -6.4943942072E-02 1.2634243300E-01
126.00 1.3081110889E-01 3.4593512208E-02 -7.5978670499E-08 2.4094050819E-08 3.4593512208E-02 1.3081110889E-01 4.4288461912E-08 9.0467225355E-08 -7.8952628428E-08 -1.0113837279E-07 1.0965981587E-01 6.2366336310E-02 4.5104732105E-08 -4.2795899458E-08 -6.2366336310E-02 1.0965981587E-01
127.00 1.1801816593E-01 4.9022189523E-02 -7.1633240908E-08 2.6220742345E-08 4.9022189523E-02 1.1801816593E-01 2.8933738093E-08 8.3850930171E-08 -8.2914490562E-08 -9.7289521097E-08 9.0919827248E-02 5.7085001853E-02 4.0883728997E-08 -3.3620414710E-08 -5.7085001853E-02 9.0919827248E-02
128.00 1.0567643195E-01 6.1174569501E-02 -6.6169060714E-08 2.8219609710E-08 6.1174569501E-02 1.0567643195E-01 1.3368904337E-08 7.5747869984E-08 -8.5402492606E-08 -9.3597243238E-08 7.0805335721E-02 4.9109925171E-02 3.5907101122E-08 -2.3753697709E-08 -4.9109925171E-02 7.0805335721E-02
129.00 9.4572244490E-02 7.0371908177E-02 -5.9688399998E-08 3.0170801201E-08 7.0371908177E-02 9.4572244489E-02 -2.1141130684E-09 6.6237791128E-08 -8.6395640955E-08 -9.0152036106E-08 5.0074001592E-02 3.8526592529E-02 3.0366462425E-08 -1.3336840344E-08 -3.8526592529E-02 5.0074001592E-02
130.00 8.5459891575E-02 7.6036615617E-02 -5.2318042155E-08 3.2147209322E-08 7.6036615617E-02 8.5459891575E-02 -1.7232900754E-08 5.5431495362E-08 -8.5913913648E-08 -8.7020445657E-08 2.9529723448E-02 2.5491598354E-02 2.4468793223E-08 -2.5233672071E-09 -2.5491598354E-02 2.9529723448E-02
131.00 7.9025619463E-02 7.7721509783E-02 -4.4205503641E-08 3.4210823807E-08 7.7721509783E-02 7.9025619463E-02 -3.1720971230E-08 4.3469947785E-08 -8.4016823009E-08 -8.4244658635E-08 9.9920659817E-03 1.0226146197E-02 1.8429610768E-08 8.5243153087E-09 -1.0226146197E-02 9.9920659817E-03
132.00 7.5854400205E-02 7.5134321657E-02 -3.5514642092E-08 3.6409680401E-08 7.5134321656E-02 7.5854400205E-02 -4.5333641897E-08 3.0522453983E-08 -8.0800739681E-08 -8.1843007156E-08 -7.7351596547E-03 -6.9922131547E-03 1.2465857978E-08 1.9638838628E-08 6.9922131547E-03 -7.7351596547E-03
133.00 7.6401033245E-02 6.8156240239E-02 -2.6420825545E-08 3.8775518981E-08 6.8156240239E-02 7.6401033245E-02 -5.7853224228E-08 1.6783916509E-08 -7.6395100343E-08 -7.9811318879E-08 -2.2894967886E-02 -2.5839219085E-02 6.7887697649E-09 3.0652025092E-08 2.5839219085E-02 -2.2894967886E-02
134.00 8.0966961746E-02 5.6853519767E-02 -1.7105848690E-08 4.1322234008E-08 5.6853519767E-02 8.0966961745E-02 -6.9093390597E-08 2.4712187131E-09 -7.0957658196E-08 -7.8125018089E-08 -3.4806749754E-02 -4.5954503109E-02 1.5969795043E-09 4.1399125740E-08 4.5954503109E-02 -3.4806749754E-02
135.00 8.9683926009E-02 4.1481454881E-02 -7.7527852754E-09 4.4045164772E-08 4.1481454881E-02 8.9683926009E-02 -7.8902612285E-08 -1.2181180598E-08 -6.4668965548E-08 -7.6741860526E-08 -4.2893195283E-02 -6.6952739179E-02 -2.9298821811E-09 5.1722986422E-08 6.6952739179E-02 -4.2893195284E-02
136.00 1.0250526505E-01 2.2480350628E-02 1.4590377418E-09 4.6921236659E-08 2.2480350628E-02 1.0250526505E-01 -8.7166593161E-08 -2.6926324982E-08 -5.7726299590E-08 -7.5605168360E-08 -4.6703586095E-02 -8.8434937912E-02 -6.6368630873E-09 6.1477986571E-08 8.8434937912E-02 -4.6703586095E-02
137.00 1.1920532757E-01 4.6345906564E-04 1.0358770133E-08 4.9909929855E-08 4.6345906562E-04 1.1920532757E-01 -9.3809656584E-08 -4.1510364349E-08 -5.0337254855E-08 -7.4647421544E-08 -4.5932600341E-02 -1.0999950705E-01 -9.3984374529E-09 7.0533602700E-08 1.0999950705E-01 -4.5932600341E-02
138.00 1.3938708173E-01 -2.3802792436E-02 1.8788318603E-08 5.2955018105E-08 -2.3802792436E-02 1.3938708173E-01 -9.8795075309E-08 -5.5678515157E-08 -4.2713229696E-08 -7.3794056907E-08 -4.0433945927E-02 -1.3125273956E-01 -1.1122161682E-08 7.8777463362E-08 1.3125273956E-01 -4.0433945927E-02
139.00 1.6249763611E-01 -4.9425610482E-02 2.6606046613E-08 5.5986990603E-08 -4.9425610482E-02 1.6249763611E-01 -1.0212436974E-07 -6.9181190264E-08 -3.5063028573E-08 -7.2967329075E-08 -3.0228335913E-02 -1.5181843919E-01 -1.1751119651E-08 8.6117784582E-08 1.5181843919E-01 -3.0228335913E-02
140.00 1.8785102015E-01 -7.5418689809E-02 3.3689793723E-08 5.8926043917E-08 -7.5418689809E-02 1.8785102015E-01 -1.0383563038E-07 -8.1780102397E-08 -2.7586787522E-08 -7.2090093798E-08 -1.5505534339E-02 -1.7134644847E-01 -1.1265088816E-08 9.2485100849E-08 1.7134644847E-01 -1.5505534339E-02
141.00 2.1465723717E-01 -1.0073983633E-01 3.9939146296E-08 6.1685512530E-08 -1.0073983633E-01 2.1465723717E-01 -1.0400095076E-07 -9.3254143978E-08 -2.0470410447E-08 -7.1089386306E-08 3.3795766668E-03 -1.8951990214E-01 -9.6804114817E-09 9.7833238162E-08 1.8951990214E-01 3.3795766668E-03
142.00 2.4205631316E-01 -1.2433185196E-01 4.5276924682E-08 6.4175590925E-08 -1.2433185196E-01 2.4205631316E-01 -1.0272308335E-07 -1.0340485321E-07 -1.3880674790E-08 -6.9899683373E-08 2.5916735195E-02 -2.0606108843E-01 -7.0486085950E-09 1.0213950959E-07 2.0606108843E-01 2.5916735195E-02
143.00 2.6915583196E-01 -1.4516500667E-01 4.9649886626E-08 6.6307194776E-08 -1.4516500667E-01 2.6915583196E-01 -1.0013145076E-07 -1.1206129044E-07 -7.9611359599E-09 -6.8465754824E-08 5.1455456148E-02 -2.2073585742E-01 -3.4538216922E-09 1.0540414560E-07 2.2073585742E-01 5.1455456148E-02
144.00 2.9507028377E-01 -1.6227932694E-01 5.3028676276E-08 6.7995806191E-08 -1.6227932694E-01 2.9507028377E-01 -9.6377662633E-08 -1.1908417167E-07 -2.8289229894E-09 -6.6745032160E-08 7.9225021880E-02 -2.3335656905E-01 9.9078341506E-10 1.0764900728E-07 2.3335656905E-01 7.9225021880E-02
145.00 3.1896046581E-01 -1.7482491133E-01 5.5407078241E-08 6.9165154081E-08 -1.7482491133E-01 3.1896046581E-01 -9.1630696906E-08 -1.2436913227E-07 1.4275159634E-09 -6.4709440586E-08 1.0835854978E-01 -2.4378362089E-01 6.1474821729E-09 1.0891565753E-07 2.4378362089E-01 1.0835854978E-01
146.00 3.4007116547E-01 -1.8209854280E-01 5.6800658030E-08 6.9750591727E-08 -1.8209854280E-01 3.4007116547E-01 -8.6071908582E-08 -1.2784902711E-07 4.7496950231E-09 -6.2346661966E-08 1.3792023760E-01 -2.5192563656E-01 1.1859125661E-08 1.0926289208E-07 2.5192563656E-01 1.3792023760E-01
147.00 3.5776542719E-01 -1.8357500347E-01 5.7244889079E-08 6.9702047987E-08 -1.8357500347E-01 3.5776542719E-01 -7.9890027711E-08 -1.2949520843E-07 7.1094102115E-09 -5.9660815785E-08 1.6693478154E-01 -2.5773842885E-01 1.7954723561E-08 1.0876385239E-07 2.5773842885E-01 1.6693478154E-01
148.00 3.7155385175E-01 -1.7893170425E-01 5.6792878478E-08 6.8986449836E-08 -1.7893170425E-01 3.7155385175E-01 -7.3276298414E-08 -1.2931775831E-07 8.5081370321E-09 -5.6672561641E-08 1.9441789631E-01 -2.6122287718E-01 2.4255248084E-08 1.0750285312E-07 2.6122287718E-01 1.9441789631E-01
149.00 3.8111759341E-01 -1.6806551032E-01 5.5512808716E-08 6.7589534677E-08 -1.6806551032E-01 3.8111759341E-01 -6.6419898929E-08 -1.2736469035E-07 8.9755744354E-09 -5.3418644373E-08 2.1940684341E-01 -2.6242187659E-01 3.0579429970E-08 1.0557206590E-07 2.6242187659E-01 2.1940684341E-01
150.00 3.8632399601E-01 -1.5110096269E-01 5.3485212552E-08 6.5516996990E-08 -1.5110096269E-01 3.8632399601E-01 -5.9503762446E-08 -1.2372016737E-07 8.5674232773E-09 -4.9950914467E-08 2.4098989367E-01 -2.6141652609E-01 3.6749332455E-08 1.0306819599E-07 2.6141652609E-01 2.4098989367E-01
151.00 3.8723413258E-01 -1.2838945189E-01 5.0800190880E-08 6.2794937085E-08 -1.2838945189E-01 3.8723413258E-01 -5.2700898081E-08 -1.1850181481E-07 7.3625064006E-09 -4.6334869648E-08 2.5833371253E-01 -2.5832172780E-01 4.2595506439E-08 1.0008928404E-07 2.5832172780E-01 2.5833371253E-01
152.00 3.8410186790E-01 -1.0049927635E-01 4.7554673272E-08 5.9469606988E-08 -1.0049927635E-01 3.8410186790E-01 -4.6171284556E-08 -1.1185723398E-07 5.4593480804E-09 -4.2647771590E-08 2.7070775706E-01 -2.5328136656E-01 4.7961563207E-08 9.6731746651E-08 2.5328136656E-01 2.7070775706E-01
153.00 3.7736443566E-01 -6.8196899663E-02 4.3849804467E-08 5.5606471043E-08 -6.8196899663E-02 3.7736443566E-01 -4.0059382881E-08 -1.0395984065E-07 2.9723391163E-09 -3.8976400269E-08 2.7750490989E-01 -2.4646323289E-01 5.2708033369E-08 9.3087751362E-08 2.4646323289E-01 2.7750490989E-01
154.00 3.6762489387E-01 -3.2420090190E-02 3.9788521256E-08 5.1288620898E-08 -3.2420090190E-02 3.6762489387E-01 -3.4492288352E-08 -9.5004171095E-08 2.7616368984E-11 -3.5414514259E-08 2.7825773840E-01 -2.3805384132E-01 5.6715418923E-08 8.9243000340E-08 2.3805384132E-01 2.7825773840E-01
155.00 3.5562717823E-01 5.7560317627E-03 3.5473366760E-08 4.6614605856E-08 5.7560317627E-03 3.5562717823E-01 -2.9578513480E-08 -8.5200803472E-08 -3.2412144333E-09 -3.2060089980E-08 2.7264995287E-01 -2.2825328299E-01 5.9886390109E-08 8.5274966816E-08 2.2825328299E-01 2.7264995287E-01
156.00 3.4222479746E-01 4.5158714847E-02 3.1004565834E-08 4.1695755054E-08 4.5158714847E-02 3.4222479746E-01 -2.5407370731E-08 -7.4771047644E-08 -6.6973890162E-09 -2.9012416553E-08 2.6052283434E-01 -2.1727023555E-01 6.2147114664E-08 8.1251606308E-08 2.1727023555E-01 2.6052283434E-01
157.00 3.2834449348E-01 8.4561497221E-02 2.6478369209E-08 3.6653081203E-08 8.4561497221E-02 3.2834449348E-01 -2.2048901913E-08 -6.3941553692E-08 -1.0205208722E-08 -2.6369126002E-08 2.4187660461E-01 -2.0531723681E-01 6.3447747111E-08 7.7230538382E-08 2.0531723681E-01 2.4187660461E-01
158.00 3.1494641081E-01 1.2273057952E-01 2.1985656151E-08 3.1613867432E-08 1.2273057952E-01 3.1494641081E-01 -1.9554282735E-08 -5.2938981024E-08 -1.3634069914E-08 -2.4223239568E-08 2.1686690686E-01 -1.9260631152E-01 6.3762139565E-08 7.3258671595E-08 1.9260631152E-01 2.1686690686E-01
159.00 3.0298247376E-01 1.5847179680E-01 1.7610771958E-08 2.6708044018E-08 1.5847179680E-01 3.0298247376E-01 -1.7956618612E-08 -4.1984858831E-08 -1.6862199194E-08 -2.2660311145E-08 1.8579674846E-01 -1.7934502303E-01 6.3086861624E-08 6.9372226351E-08 1.7934502303E-01 1.8579674846E-01
160.00 2.9335475188E-01 1.9067630661E-01 1.3430566518E-08 2.2064465485E-08 1.9067630661E-01 2.9335475188E-01 -1.7272040656E-08 -3.1290755397E-08 -1.9780006896E-08 -2.1755747855E-08 1.4910441821E-01 -1.6573300523E-01 6.1439638018E-08 6.5597097767E-08 1.6573300523E-01 1.4910441821E-01
161.00 2.8687559826E-01 2.1836315826E-01 9.5135978170E-09 1.7807198523E-08 2.1836315826E-01 2.8687559826E-01 -1.7501004433E-08 -2.1053856356E-08 -2.2292982507E-08 -2.1572385787E-08 1.0734802350E-01 -1.5195901369E-01 5.8857326454E-08 6.1949489738E-08 1.5195901369E-01 1.0734802350E-01
162.00 2.8423127435E-01 2.4071703194E-01 5.9194583459E-09 1.4051928973E-08 2.4071703194E-01 2.8423127435E-01 -1.8629701828E-08 -1.1453034942E-08 -2.4324071654E-08 -2.2158391828E-08 6.1187391818E-02 -1.3819852000E-01 5.5393561538E-08 5.8436751261E-08 1.3819852000E-01 6.1187391818E-02
163.00 2.8595062983E-01 2.5711962886E-01 2.6981896577E-09 1.0902588921E-08 2.5711962886E-01 2.8595062983E-01 -2.0631499766E-08 -2.6454812450E-09 -2.5815485543E-08 -2.3545557824E-08 1.1364142746E-02 -1.2461185903E-01 5.1116189960E-08 5.5058346848E-08 1.2461185903E-01 1.1364142746E-02
164.00 2.9238019456E-01 2.6717344822E-01 -1.1024323778E-10 8.4482998100E-09 2.6717344822E-01 2.9238019456E-01 -2.3468331624E-08 5.2360621364E-09 -2.6729910028E-08 -2.5748041542E-08 -4.1319240579E-02 -1.1134292568E-01 4.6104613562E-08 5.1806899649E-08 1.1134292568E-01 -4.1319240579E-02
165.00 3.0366677048E-01 2.7071699140E-01 -2.4764386141E-09 6.7607139829E-09 2.7071699140E-01 3.0366677048E-01 -2.7091984779E-08 1.2085422327E-08 -2.7051096562E-08 -2.8761598116E-08 -9.6020527864E-02 -9.8518405816E-02 4.0447141731E-08 4.8669257685E-08 9.8518405816E-02 -9.6020527864E-02
166.00 3.1974829584E-01 2.6783077680E-01 -4.3820116369E-09 5.8918293551E-09 2.6783077680E-01 3.1974829584E-01 -3.1445242458E-08 1.7824459022E-08 -2.6783833381E-08 -3.2563329581E-08 -1.5187828629E-01 -8.6247514984E-02 3.4238438610E-08 4.5627545510E-08 8.6247514984E-02 -1.5187828629E-01
167.00 3.4035340634E-01 2.5883391488E-01 -5.8200116602E-09 5.8723366049E-09 2.5883391488E-01 3.4035340634E-01 -3.6462860843E-08 2.2403860861E-08 -2.5953311259E-08 -3.7111964481E-08 -2.0803117957E-01 -7.4622208755E-02 2.7577128922E-08 4.2660178465E-08 7.4622208755E-02 -2.0803117957E-01
168.00 3.6500975126E-01 2.4427136906E-01 -6.7952832945E-09 6.7105457875E-09 2.4427136906E-01 3.6500975126E-01 -4.2072377889E-08 2.5803280901E-08 -2.4603915107E-08 -4.2348660303E-08 -2.6363546088E-01 -6.3717819654E-02 2.0563606696E-08 3.9742829745E-08 6.3717819654E-02 -2.6363546088E-01
169.00 3.9306075445E-01 2.2489239712E-01 -7.3247431551E-09 8.3919239211E-09 2.2489239712E-01 3.9306075445E-01 -4.8194772126E-08 2.8030826823E-08 -2.2797488710E-08 -4.8198302682E-08 -3.1788023259E-01 -5.3594068097E-02 1.3298071471E-08 3.6849353836E-08 5.3594068097E-02 -3.1788023259E-01
170.00 4.2369015435E-01 2.0162101671E-01 -7.4375343466E-09 1.0879260569E-08 2.0162101671E-01 4.2369015435E-01 -5.4745005067E-08 2.9121930726E-08 -2.0611135139E-08 -5.4571256500E-08 -3.7000019257E-01 -4.4296388246E-02 5.8787983895E-09 3.3952677768E-08 4.4296388246E-02 -3.7000019257E-01
171.00 4.5595332931E-01 1.7551965255E-01 -7.1750129812E-09 1.4113464103E-08 1.7551965255E-01 4.5595332931E-01 -6.1632492714E-08 2.9137633757E-08 -1.8134630440E-08 -6.1365505073E-08 -4.1928573723E-01 -3.5857504587E-02 -1.5993651558E-09 3.1025678979E-08 3.5857504587E-02 -4.1928573723E-01
172.00 4.8881412867E-01 1.4774739081E-01 -6.5905211437E-09 1.8014973705E-08 1.4774739081E-01 4.8881412867E-01 -6.8761563068E-08 2.8162327594E-08 -1.5467538894E-08 -6.8469099043E-08 -4.6509043924E-01 -2.8299191243E-02 -9.0462930593E-09 2.8042069437E-08 2.8299191243E-02 -4.6509043924E-01
173.00 5.2118569718E-01 1.1951447673E-01 -5.7488998195E-09 2.2485758703E-08 1.1951447673E-01 5.2118569718E-01 -7.6031959079E-08 2.6301004688E-08 -1.2716129112E-08 -7.5762823219E-08 -5.0683605300E-01 -2.1634143828E-02 -1.6377687417E-08 2.4977302856E-08 2.1634143828E-02 -5.0683605300E-01
174.00 5.5197361133E-01 9.2034837401E-02 -4.7257023305E-09 2.7411861419E-08 9.2034837401E-02 5.5197361133E-01 -8.3339446922E-08 2.3676078118E-08 -9.9901951703E-09 -8.3122981419E-08 -5.4401531806E-01 -1.5867892975E-02 -2.3516023113E-08 2.1809515857E-08 1.5867892975E-02 -5.4401531806E-01
175.00 5.8011954701E-01 6.6478487515E-02 -3.6060774698E-09 3.2666424638E-08 6.6478487515E-02 5.8011954701E-01 -9.0576583685E-08 2.0423840420E-08 -7.3998897204E-09 -9.0424196030E-08 -5.7619292285E-01 -1.1000689758E-02 -3.0391351329E-08 1.8520503557E-08 1.1000689758E-02 -5.7619292285E-01
176.00 6.0464367330E-01 4.3925678647E-02 -2.4833041306E-09 3.8113131748E-08 4.3925678647E-02 6.0464367330E-01 -9.7633687824E-08 1.6690639894E-08 -5.0526740092E-09 -9.7542120278E-08 -6.0300505422E-01 -7.0292960089E-03 -3.6941978180E-08 1.5096717699E-08 7.0292960089E-03 -6.0300505422E-01
177.00 6.2468401817E-01 2.5324583022E-02 -1.4569749095E-09 4.3609974494E-08 2.5324583022E-02 6.2468401817E-01 -1.0440004217E-07 1.2628861168E-08 -3.0504829792E-09 -1.0435596918E-07 -6.2415798999E-01 -3.9486170863E-03 -4.3115026481E-08 1.1530261886E-08 3.9486170863E-03 -6.2415798999E-01
178.00 6.3953117571E-01 1.1454163274E-02 -6.3084340960E-10 4.9013251640E-08 1.1454163274E-02 6.3953117571E-01 -1.1076534052E-07 8.3928039324E-09 -1.4871924674E-09 -1.1075078650E-07 -6.3942619075E-01 -1.7531208688E-03 -4.8866879593E-08 7.8198446778E-09 1.7531208688E-03 -6.3942619075E-01
179.00 6.4865691691E-01 2.8936763120E-03 -1.1036763062E-10 5.4181693378E-08 2.8936763120E-03 6.4865691691E-01 -1.1662137037E-07 4.1345611410E-09 -4.4646102947E-10 -1.1661938323E-07 -6.4865031462E-01 -4.3799455045E-04 -5.4163498820E-08 3.9716407995E-09 4.3799455045E-04 -6.4865031462E-01
180.00 6.5173551779E-01 6.6613381458E-16 3.0977186021E-18 5.8980596958E-08 6.6613381497E-16 6.5173551779E-01 -1.2186390286E-07 1.0766827698E-17 -3.0977450719E-18 -1.2186390286E-07 -6.5173551779E-01 9.4368956978E-16 -5.8980596958E-08 1.0766602705E-17 -9.4368957208E-16 -6.5173551779E-01
