theta s11 s12 s13 s14 s21 s22 s23 s24 s31 s32 s33 s34 s41 s42 s43 s44
0.00 1.9622288307E+01 0.0000000000E+00 0.0000000000E+00 -3.0586897093E-06 0.0000000000E+00 1.9622288307E+01 -3.1245383476E-07 0.0000000000E+00 0.0000000000E+00 3.1245383476E-07 1.9622288307E+01 0.0000000000E+00 -3.0586897093E-06 0.0000000000E+00 0.0000000000E+00 1.9622288307E+01
1.00 1.9551108920E+01 1.5219467373E-03 7.0993060631E-08 -2.9572131698E-06 1.5219467372E-03 1.9551108920E+01 -3.3163964918E-07 8.2412020422E-08 7.1206327709E-08 3.3165041442E-07 1.9551108822E+01 -1.2392953769E-03 -2.9572150864E-06 -8.2621201204E-08 1.2392953768E-03 1.9551108822E+01
2.00 1.9338965496E+01 6.0319001032E-03 1.4097060571E-07 -2.8411561744E-06 6.0319001032E-03 1.9338965496E+01 -3.4634171217E-07 1.6832182239E-07 1.4180330161E-07 3.4642884462E-07 1.9338963926E+01 -4.9325251988E-03 -2.8411727374E-06 -1.6911964514E-07 4.9325251988E-03 1.9338963926E+01
3.00 1.8990003216E+01 1.3363834909E-02 2.0837168723E-07 -2.7125118220E-06 1.3363834909E-02 1.8990003216E+01 -3.5665506949E-07 2.5656613751E-07 2.1019492769E-07 3.5695154348E-07 1.8989995324E+01 -1.1006309647E-02 -2.7125716769E-06 -2.5826823723E-07 1.1006309647E-02 1.8989995324E+01
4.00 1.8511003304E+01 2.3247067896E-02 2.7167773289E-07 -2.5733984955E-06 2.3247067896E-02 1.8511003304E+01 -3.6272614268E-07 3.4589787649E-07 2.7482238664E-07 3.6343217710E-07 1.8510978604E+01 -1.9339668551E-02 -2.5735492007E-06 -3.4875044612E-07 1.9339668551E-02 1.8510978604E+01
5.00 1.7911196350E+01 3.5315115375E-02 3.2945346630E-07 -2.4260107025E-06 3.5315115375E-02 1.7911196350E+01 -3.6474444408E-07 4.3501083943E-07 3.3420595679E-07 3.6612510778E-07 1.7911136801E+01 -2.9766009771E-02 -2.4263210651E-06 -4.3918716110E-07 2.9766009771E-02 1.7911136801E+01
6.00 1.7202009694E+01 4.9117735561E-02 3.8038519428E-07 -2.2725699905E-06 4.9117735560E-02 1.7202009694E+01 -3.6293475930E-07 5.2256687807E-07 3.8698429001E-07 3.6531536209E-07 1.7201888111E+01 -4.2075929112E-02 -2.2731316081E-06 -5.2816603343E-07 4.2075929112E-02 1.7201888111E+01
7.00 1.6396757192E+01 6.4135804121E-02 4.2331529795E-07 -2.1152772760E-06 6.4135804121E-02 1.6396757192E+01 -3.5755008517E-07 6.0722481932E-07 4.3194986222E-07 3.6130946413E-07 1.6396536057E+01 -5.6020830890E-02 -2.1162051807E-06 -6.1427255372E-07 5.6020830890E-02 1.6396536057E+01
8.00 1.5510281544E+01 7.9798581367E-02 4.5727191157E-07 -1.9562678414E-06 7.9798581367E-02 1.5510281544E+01 -3.4886552998E-07 6.8767037099E-07 4.6807957091E-07 3.5442739633E-07 1.5509912301E+01 -7.1317371358E-02 -1.9577001676E-06 -6.9612202971E-07 7.1317371358E-02 1.5509912301E+01
9.00 1.4558560802E+01 9.5502847904E-02 4.8149292887E-07 -1.7975701333E-06 9.5502847904E-02 1.4558560802E+01 -3.3717327839E-07 7.6264616171E-07 4.9455961241E-07 3.4499584197E-07 1.4557983681E+01 -8.7652714319E-02 -1.7996667701E-06 -7.7239156244E-07 8.7652714319E-02 1.4557983681E+01
10.00 1.3558291752E+01 1.1063331505E-01 4.9544368262E-07 -1.6410693378E-06 1.1063331505E-01 1.3558291752E+01 -3.2277863294E-07 8.3098102833E-07 5.1080398077E-07 3.3334276979E-07 1.3557436166E+01 -1.0469056913E-01 -1.6440095620E-06 -8.4185108304E-07 1.0469056913E-01 1.3557436166E+01
11.00 1.2526463380E+01 1.2458365979E-01 4.9882785410E-07 -1.4884765282E-06 1.2458365979E-01 1.2526463380E+01 -3.0599705263E-07 8.9161765964E-07 5.1646614400E-07 3.1979332377E-07 1.2525248928E+01 -1.2207795635E-01 -1.4924556543E-06 -9.0339251268E-07 1.2207795635E-01 1.2525248928E+01
12.00 1.1479933794E+01 1.3677749404E-01 4.9159139924E-07 -1.3413039795E-06 1.3677749404E-01 1.1479933794E+01 -2.8715202864E-07 9.4363771979E-07 5.1144368526E-07 3.0466689494E-07 1.1478271856E+01 -1.3945261630E-01 -1.3465291046E-06 -9.5605612830E-07 1.3945261630E-01 1.1478271856E+01
13.00 1.0435023540E+01 1.4668855822E-01 4.7391951110E-07 -1.2008470219E-06 1.4668855822E-01 1.0435023540E+01 -2.6657358370E-07 9.8628364032E-07 4.9587593144E-07 2.8827519076E-07 1.0432819459E+01 -1.5645094240E-01 -1.2075319869E-06 -9.9905328933E-07 1.5645094240E-01 1.0432819459E+01
14.00 9.4071374579E+00 1.5385943069E-01 4.4622686341E-07 -1.0681725907E-06 1.5385943069E-01 9.4071374579E+00 -2.4459713945E-07 1.0189763476E-06 4.7013481653E-07 2.7092106650E-07 9.4042932489E+00 -1.7271628605E-01 -1.0765323138E-06 -1.0317847666E-06 1.7271628605E-01 9.4042932489E+00
15.00 8.4104259539E+00 1.5791807138E-01 4.0914160393E-07 -9.4411440695E-07 1.5791807138E-01 8.4104259539E+00 -2.2156247290E-07 1.0413283169E-06 4.3480945139E-07 2.5289785052E-07 8.4068434861E+00 -1.8790744520E-01 -9.5435878534E-07 -1.0538540482E-06 1.8790744520E-01 8.4068434861E+00
16.00 7.4574949794E+00 1.5859156974E-01 3.6348375493E-07 -8.2927451792E-07 1.5859156974E-01 7.4574949794E+00 -1.9781249772E-07 1.0531514791E-06 3.9068505881E-07 2.3448889824E-07 7.4530795193E+00 -2.0170711756E-01 -8.4160212257E-07 -1.0650751431E-06 2.0170711756E-01 7.4530795193E+00
17.00 6.5591720941E+00 1.5571654493E-01 3.1023885524E-07 -7.2403073375E-07 1.5571654493E-01 6.5591720941E+00 -1.7369162280E-07 1.0544596768E-06 3.3871710862E-07 2.1596711521E-07 6.5538360994E+00 -2.1383007316E-01 -7.3862254475E-07 -1.0654745832E-06 2.1383007316E-01 6.5538360994E+00
18.00 5.7243338872E+00 1.4924574944E-01 2.5052781115E-07 -6.2854933361E-07 1.4924574944E-01 5.7243338872E+00 -1.4954349783E-07 1.0454655418E-06 2.8000161797E-07 1.9759423431E-07 5.7180009065E+00 -2.2403078298E-01 -6.4556277922E-07 -1.0552875127E-06 2.2403078298E-01 5.7180009065E+00
19.00 4.9597977853E+00 1.3925055339E-01 1.8557403027E-07 -5.4280227356E-07 1.3925055339E-01 4.9597977853E+00 -1.2570800660E-07 1.0265718602E-06 2.1574268633E-07 1.7961967093E-07 4.9524063034E+00 -2.3211023267E-01 -5.6236583958E-07 -1.0349479582E-06 2.3211023267E-01 4.9524063034E+00
20.00 4.2702789874E+00 1.2591913251E-01 1.1666897322E-07 -4.6658803330E-07 1.2591913251E-01 4.2702789874E+00 -1.0251744965E-07 9.9835768001E-07 1.4721839299E-07 1.6227884890E-07 4.2617860445E+00 -2.3792165346E-01 -4.8879670217E-07 -1.0050735740E-06 2.3792165346E-01 4.2617860445E+00
21.00 3.6584110271E+00 1.0955034336E-01 4.5137277197E-08 -3.9955517007E-07 1.0955034336E-01 3.6584110271E+00 -8.0291934234E-08 9.6155960364E-07 7.5746201018E-08 1.4579095493E-07 3.6487954332E+00 -2.4137491944E-01 -4.2446692888E-07 -9.6644535100E-07 2.4137491944E-01 3.6487954332E+00
22.00 3.1248263452E+00 9.0543439061E-02 -2.7697413485E-08 -3.4122762124E-07 9.0543439061E-02 3.1248263452E+00 -5.9334071252E-08 9.1704888504E-07 2.6489906678E-09 1.3035615164E-07 3.1140913146E+00 -2.4243938994E-01 -3.6886124544E-07 -9.1998296866E-07 2.4243938994E-01 3.1140913146E+00
23.00 2.6682913472E+00 6.9383949790E-02 -1.0054483441E-07 -2.9103080762E-07 6.9383949790E-02 2.6682913472E+00 -3.9923150624E-08 8.6580510556E-07 -7.0777216773E-08 1.1615234343E-07 2.6564663862E+00 -2.4114501841E-01 -3.2136508159E-07 -8.6671662454E-07 2.4114501841E-01 2.6564663862E+00
24.00 2.2858887754E+00 4.6626218201E-02 -1.7217773240E-07 -2.4831763891E-07 4.6626218201E-02 2.2858887754E+00 -2.2309036151E-08 8.0888732674E-07 -1.4329288650E-07 1.0333165355E-07 2.2730306796E+00 -2.3758160428E-01 -2.8129211809E-07 -8.0775630950E-07 2.3758160428E-01 2.2730306796E+00
25.00 1.9732389099E+00 2.2873231408E-02 -2.4145789803E-07 -2.1239359532E-07 2.2873231408E-02 1.9732389099E+00 -6.7060675650E-09 7.4740372261E-07 -2.1374112171E-07 9.2016815988E-08 1.9594317534E+00 -2.3189612901E-01 -2.4791094801E-07 -7.4425959913E-07 2.3189612901E-01 1.9594317534E+00
26.00 1.7247501551E+00 -1.2454787264E-03 -3.0735791614E-07 -1.8254016966E-07 -1.2454787265E-03 1.7247501551E+00 6.7127081978E-09 6.8248074209E-07 -2.8106967018E-07 8.2297720524E-08 1.7101041939E+00 -2.2428819004E-01 -2.2047006237E-07 -6.7739908083E-07 2.2428819004E-01 1.7101041939E+00
27.00 1.5338889991E+00 -2.5096994354E-02 -3.6897813705E-07 -1.5803607560E-07 -2.5096994354E-02 1.5338889991E+00 1.7820642427E-08 6.1523288103E-07 -3.4434830098E-07 7.4228366886E-08 1.5185384566E+00 -2.1500362375E-01 -1.9822048821E-07 -6.0833056003E-07 2.1500362375E-01 1.5185384566E+00
28.00 1.3934591581E+00 -4.8068291278E-02 -4.2555856267E-07 -1.3817577002E-07 -4.8068291278E-02 1.3934591581E+00 2.6541605234E-08 5.4673411090E-07 -4.0278125401E-07 6.7824479276E-08 1.3775589104E+00 -2.0432648651E-01 -1.8043554744E-07 -5.3816315047E-07 2.0432648651E-01 1.3775589104E+00
29.00 1.2958799243E+00 -6.9588676043E-02 -4.7648555501E-07 -1.2228498454E-07 -6.9588676043E-02 1.2958799243E+00 3.2852823340E-08 4.7799194972E-07 -4.5571467319E-07 6.3062020873E-08 1.2796011600E+00 -1.9256963843E-01 -1.6642735727E-07 -4.6793228202E-07 1.9256963843E-01 1.2796011600E+00
30.00 1.2334543104E+00 -8.9150435060E-02 -5.2129346611E-07 -1.0973310569E-07 -8.9150435060E-02 1.2334543104E+00 3.6786198220E-08 4.0992505388E-07 -5.0263912000E-07 5.9876801702E-08 1.2169792949E+00 -1.8006424296E-01 -1.5555984291E-07 -3.9857654244E-07 1.8006424296E-01 1.2169792949E+00
31.00 1.1986184763E+00 -1.0632681266E-01 -5.5966149493E-07 -9.9942387103E-08 -1.0632681266E-01 1.1986184763E+00 3.8427923826E-08 3.4334506429E-07 -5.4318746250E-07 5.8165334088E-08 1.1821346038E+00 -1.6714855412E-01 -1.4725819195E-07 -3.3091910988E-07 1.6714855412E-01 1.1821346038E+00
32.00 1.1841650968E+00 -1.2078654011E-01 -5.9140624477E-07 -9.2394102191E-08 -1.2078654011E-01 1.1841650968E+00 3.7916310322E-08 2.7894326807E-07 -5.7712859606E-07 5.7787021936E-08 1.1678584633E+00 -1.5415640720E-01 -1.4101481880E-07 -2.6565434783E-07 1.5415640720E-01 1.1678584633E+00
33.00 1.1834347185E+00 -1.3230428210E-01 -6.1647061047E-07 -8.6631854699E-08 -1.3230428210E-01 1.1834347185E+00 3.5437808273E-08 2.1728243884E-07 -6.0435759843E-07 5.8567701702E-08 1.1674834875E+00 -1.4140585655E-01 -1.3639203729E-07 -2.0333992130E-07 1.4140585655E-01 1.1674834875E+00
34.00 1.1904706985E+00 -1.4076654482E-01 -6.3490974996E-07 -8.2262355137E-08 -1.4076654482E-01 1.1904706985E+00 3.1221315818E-08 1.5879400057E-07 -6.2488304004E-07 6.0304484200E-08 1.1750385601E+00 -1.2918841314E-01 -1.3302175284E-07 -1.4439456067E-07 1.2918841314E-01 1.1750385601E+00
35.00 1.2001349457E+00 -1.4617279297E-01 -6.4687497735E-07 -7.8954030988E-08 -1.4617279297E-01 1.2001349457E+00 2.5530945153E-08 1.0378044191E-07 -6.3881224492E-07 6.2771771152E-08 1.1853649836E+00 -1.1775932242E-01 -1.3060256874E-07 -8.9101368780E-08 1.1775932242E-01 1.1853649836E+00
36.00 1.2081833337E+00 -1.4863174220E-01 -6.5259646447E-07 -7.6433880300E-08 -1.4863174220E-01 1.2081833337E+00 1.8657505675E-08 5.2422684433E-08 -6.4633534160E-07 6.5728254809E-08 1.1941926127E+00 -1.0732929189E-01 -1.2889476814E-07 -3.7616332011E-08 1.0732929189E-01 1.1941926127E+00
37.00 1.2113012516E+00 -1.4835301754E-01 -6.5236564597E-07 -7.4482991004E-08 -1.4835301754E-01 1.2113012516E+00 1.0909030067E-08 4.7919020738E-09 -6.4770894687E-07 6.8924653168E-08 1.1981764177E+00 -9.8058025144E-02 -1.2771366973E-07 1.0018520385E-08 9.8058025144E-02 1.1981764177E+00
38.00 1.2071012438E+00 -1.4563458696E-01 -6.4651818357E-07 -7.2931136432E-08 -1.4563458696E-01 1.2071012438E+00 2.6007286651E-09 -3.9134897143E-08 -6.4324028368E-07 7.2111882217E-08 1.1948953948E+00 -9.0049849621E-02 -1.2692186409E-07 5.3858056009E-08 9.0049849621E-02 1.1948953948E+00
39.00 1.1940860181E+00 -1.4084657962E-01 -6.3541827846E-07 -7.1650832860E-08 -1.4084657962E-01 1.1940860181E+00 -5.9552164956E-09 -7.9456374252E-08 -6.3327246834E-07 7.5049345077E-08 1.1828170457E+00 -8.3351639892E-02 -1.2642083196E-07 9.4033990008E-08 8.3351639892E-02 1.1828170457E+00
40.00 1.1715812063E+00 -1.3441227206E-01 -6.1944500174E-07 -7.0551197967E-08 -1.3441227206E-01 1.1715812063E+00 -1.4459582236E-08 -1.1632641379E-07 -6.1817158546E-07 7.7512991390E-08 1.1612317477E+00 -7.7953140847E-02 -1.2614241055E-07 1.3073287777E-07 7.7953140847E-02 1.1612317477E+00
41.00 1.1396431406E+00 -1.2678716052E-01 -5.9898117802E-07 -6.9571887880E-08 -1.2678716052E-01 1.1396431406E+00 -2.2635341824E-08 -1.4993276913E-07 -5.9831604176E-07 7.9302813088E-08 1.1301621943E+00 -7.3789690616E-02 -1.2604051985E-07 1.6417325317E-07 7.3789690616E-02 1.1301621943E+00
42.00 1.0989475053E+00 -1.1843712931E-01 -5.7440518918E-07 -6.8677336028E-08 -1.1843712931E-01 1.0989475053E+00 -3.0235818588E-08 -1.8047587274E-07 -5.7408852925E-07 8.0249457306E-08 1.0902536835E+00 -7.0747235436E-02 -1.2608350679E-07 1.9458304713E-07 7.0747235436E-02 1.0902536835E+00
43.00 1.0506650577E+00 -1.0981676544E-01 -5.4608588492E-07 -6.7851441158E-08 -1.0981676544E-01 1.0506650577E+00 -3.7051416179E-08 -2.0814885955E-07 -5.4587076099E-07 8.0219674053E-08 1.0426513568E+00 -6.8669423579E-02 -1.2624738123E-07 2.2217838839E-07 6.8669423579E-02 1.0426513568E+00
44.00 9.9633066462E-01 -1.0134885852E-01 -5.1438059792E-07 -6.7092797799E-08 -1.0134885852E-01 9.9633066462E-01 -4.2914656848E-08 -2.3311978698E-07 -5.1404096674E-07 7.9120367985E-08 9.8887054823E-01 -6.7366467849E-02 -1.2651014899E-07 2.4714481681E-07 6.7366467849E-02 9.8887054823E-01
45.00 9.3771169656E-01 -9.3406060404E-02 -4.7963607668E-07 -6.6410500675E-08 -9.3406060404E-02 9.3771169656E-01 -4.7703338872E-08 -2.5551691999E-07 -4.7897396720E-07 7.6901082681E-08 9.3066620888E-01 -6.6625380988E-02 -1.2684736379E-07 2.6962181427E-07 6.6625380988E-02 9.3066620888E-01
46.00 8.7668138087E-01 -8.6295565749E-02 -4.4219197551E-07 -6.5820509191E-08 -8.6295565749E-02 8.7668138087E-01 -5.1341720606E-08 -2.7541779020E-07 -4.4104348883E-07 7.3554820790E-08 8.6990693879E-01 -6.6221119995E-02 -1.2722894573E-07 2.8969138891E-07 6.6221119995E-02 8.6990693879E-01
47.00 8.1510206890E-01 -8.0247516865E-02 -4.0238638822E-07 -6.5342524542E-08 -8.0247516865E-02 8.1510206890E-01 -5.3799730858E-08 -2.9284255312E-07 -4.0062624445E-07 6.9117174103E-08 8.0845853372E-01 -6.5928127652E-02 -1.2761724757E-07 3.0737125253E-07 6.5928127652E-02 8.0845853372E-01
48.00 7.5472256303E-01 -7.5407643550E-02 -3.6056279018E-07 -6.4997309519E-08 -7.5407643549E-02 7.5472256303E-01 -5.5090304765E-08 -3.0775194845E-07 -3.5810719941E-07 6.3663818281E-08 7.4808116279E-01 -6.5531735182E-02 -1.2796629053E-07 3.2261290051E-07 6.5531735182E-02 7.4808116279E-01
49.00 6.9709271865E-01 -7.1834429599E-02 -3.1707766710E-07 -6.4804370255E-08 -7.1834429598E-02 6.9709271865E-01 -5.5265033898E-08 -3.2004993589E-07 -3.1388537132E-07 5.7306500851E-08 6.9034338657E-01 -6.4838890643E-02 -1.2822204169E-07 3.3530466045E-07 6.4838890643E-02 6.9034338657E-01
50.00 6.4349753283E-01 -6.9500864920E-02 -2.7230806080E-07 -6.4779926969E-08 -6.9500864920E-02 6.4349753283E-01 -5.4408397040E-08 -3.2959084709E-07 -2.6837947414E-07 5.0187716637E-08 6.3655524576E-01 -6.3687703950E-02 -1.2832357468E-07 3.4527953356E-07 6.3687703950E-02 6.3655524576E-01
51.00 5.9491190176E-01 -6.8300607338E-02 -2.2665826455E-07 -6.4935109485E-08 -6.8300607338E-02 5.9491190176E-01 -5.2630905689E-08 -3.3619065964E-07 -2.2203272896E-07 4.2474326908E-08 5.8772164538E-01 -6.1955350432E-02 -1.2820492802E-07 3.5232740793E-07 6.1955350432E-02 5.8772164538E-01
52.00 5.5197621961E-01 -6.8058153758E-02 -1.8056494188E-07 -6.5274338009E-08 -6.8058153758E-02 5.5197621961E-01 -5.0061544683E-08 -3.3964178918E-07 -1.7531620877E-07 3.4350423809E-08 5.4451627224E-01 -5.9563948710E-02 -1.2779746843E-07 3.5621100510E-07 5.9563948710E-02 5.4451627224E-01
53.00 5.1499204458E-01 -6.8542418160E-02 -1.3450002777E-07 -6.5793875922E-08 -6.8542418159E-02 5.1499204458E-01 -4.6839913259E-08 -3.3973061200E-07 -1.2873016870E-07 2.6009771390E-08 5.0727535603E-01 -5.6484122133E-02 -1.2703256753E-07 3.5668472909E-07 5.6484122133E-02 5.0727535603E-01
54.00 4.8393621073E-01 -6.9482944331E-02 -8.8970900763E-08 -6.6480567532E-08 -6.9482944331E-02 4.8393621073E-01 -4.3108480183E-08 -3.3625678147E-07 -8.2802938307E-08 1.7648174048E-08 4.7600975229E-01 -5.2736061926E-02 -1.2584440920E-07 3.5351543245E-07 5.2736061926E-02 4.7600975229E-01
55.00 4.5849104762E-01 -7.0587853225E-02 -4.4517467538E-08 -6.7310801300E-08 -7.0587853225E-02 4.5849104762E-01 -3.9005347135E-08 -3.2905329966E-07 -3.8087094357E-08 9.4561183629E-09 4.5043311859E-01 -4.8388029478E-02 -1.2417276386E-07 3.4650400589E-07 4.8388029478E-02 4.5043311859E-01
56.00 4.3808780701E-01 -7.1562544648E-02 -1.7059874659E-09 -6.8249763167E-08 -7.1562544648E-02 4.3808780701E-01 -3.4657879729E-08 -3.1800625584E-07 4.8471964426E-09 1.6120183785E-09 4.3000339634E-01 -4.3552359209E-02 -1.2196559274E-07 3.3550664575E-07 4.3552359209E-02 4.3000339634E-01
57.00 4.2196000228E-01 -7.2128144636E-02 3.8880340378E-08 -6.9251055508E-08 -7.2128144636E-02 4.2196000228E-01 -3.0177508433E-08 -3.0307313990E-07 4.5421599276E-08 -5.7236412544E-09 4.1397441396E-01 -3.8379146258E-02 -1.1918136712E-07 3.2045464651E-07 3.8379146257E-02 4.1397441396E-01
58.00 4.0920314844E-01 -7.2038714413E-02 7.6653801581E-08 -7.0256768190E-08 -7.2038714413E-02 4.0920314844E-01 -2.5655933398E-08 -2.8429869696E-07 8.3061551436E-08 -1.2413016355E-08 4.0145420085E-01 -3.3047918726E-02 -1.1579102144E-07 3.0137162481E-07 3.3047918726E-02 4.0145420085E-01
59.00 3.9883734742E-01 -7.1096312481E-02 1.1103718458E-07 -7.1198081593E-08 -7.1096312481E-02 3.9883734742E-01 -2.1162882908E-08 -2.6182739364E-07 1.1721030838E-07 -1.8344283794E-08 3.9146654304E-01 -2.7757696739E-02 -1.1177948354E-07 2.7838718554E-07 2.7757696739E-02 3.9146654304E-01
60.00 3.8986928625E-01 -6.9163123732E-02 1.4148079556E-07 -7.1996469458E-08 -6.9163123732E-02 3.8986928625E-01 -1.6745488222E-08 -2.3591171856E-07 1.4734452980E-07 -2.3433574438E-08 3.8301241421E-01 -2.2715924831E-02 -1.0714675231E-07 2.5174619716E-07 2.2715924831E-02 3.8301241421E-01
61.00 3.8135048820E-01 -6.6170031782E-02 1.6748072556E-07 -7.2565545856E-08 -6.6170031782E-02 3.8135048820E-01 -1.2429246537E-08 -2.0691573338E-07 1.7299071847E-07 -2.7625417245E-08 3.7512816467E-01 -1.8126825806E-02 -1.0190851547E-07 2.2181304185E-07 1.8126825806E-02 3.7512816467E-01
62.00 3.7242905848E-01 -6.2121203895E-02 1.8859751355E-07 -7.2813569176E-08 -6.2121203895E-02 3.7242905848E-01 -8.2204548020E-09 -1.7531351214E-07 1.9374173795E-07 -3.0891731631E-08 3.6693772501E-01 -1.4179759869E-02 -9.6096317498E-08 1.8907043560E-07 1.4179759869E-02 3.6693772501E-01
63.00 3.6239267067E-01 -5.7094471789E-02 2.0447427960E-07 -7.2646577870E-08 -5.7094471789E-02 3.6239267067E-01 -4.1099177020E-09 -1.4168234989E-07 2.0927258674E-07 -3.3229479196E-08 3.5769655802E-01 -1.1038180323E-02 -8.9757301346E-08 1.5411266598E-07 1.1038180323E-02 3.5769655802E-01
64.00 3.5070111754E-01 -5.1237514752E-02 2.1485338267E-07 -7.1972091641E-08 -5.1237514752E-02 3.5070111754E-01 -7.7663030167E-11 -1.0669087271E-07 2.1935460489E-07 -3.4657156801E-08 3.4682564256E-01 -8.8297557549E-03 -8.2953556539E-08 1.1763335855E-07 8.8297557549E-03 3.4682564256E-01
65.00 3.3700737194E-01 -4.4760072291E-02 2.1959068777E-07 -7.0703268810E-08 -4.4760072291E-02 3.3700737194E-01 3.9016562519E-09 -7.1082427985E-08 2.2386733092E-07 -3.5210373198E-08 3.3393436914E-01 -7.6381789019E-03 -7.5761110681E-08 8.0408143099E-08 7.6381789018E-03 3.3393436914E-01
66.00 3.2116673697E-01 -3.7922620663E-02 2.1866660619E-07 -6.8763369691E-08 -3.7922620663E-02 3.2116673697E-01 7.8530303553E-09 -3.5654364555E-08 2.2280731190E-07 -3.4936799329E-08 3.1883183840E-01 -7.4971064286E-03 -6.8268601994E-08 4.3272837098E-08 7.4971064285E-03 3.1883183840E-01
67.00 3.0323428173E-01 -3.1022130420E-02 2.1219319919E-07 -6.6090341398E-08 -3.1022130420E-02 3.0323428173E-01 1.1795404670E-08 -1.2340168923E-09 2.1629329512E-07 -3.3890814772E-08 3.0152665289E-01 -8.3865748500E-03 -6.0575670349E-08 7.0979846756E-09 8.3865748500E-03 3.0152665289E-01
68.00 2.8345133126E-01 -2.4375671723E-02 2.0041680201E-07 -6.2641310700E-08 -2.4375671723E-02 2.8345133126E-01 1.5736407152E-08 3.1347627260E-08 2.0456738756E-07 -3.2128190441E-08 2.8221585273E-01 -1.0232120394E-02 -5.2791099989E-08 -2.7239228735E-08 1.0232120394E-02 2.8221585273E-01
69.00 2.6222228400E-01 -1.8302743072E-02 1.8371582338E-07 -5.8396754249E-08 -1.8302743072E-02 2.6222228400E-01 1.9667836554E-08 6.1283474957E-08 1.8799195228E-07 -2.9701142601E-08 2.6126414395E-01 -1.2906700104E-02 -4.5030744183E-08 -5.8884527716E-08 1.2906700104E-02 2.6126414395E-01
70.00 2.4008344666E-01 -1.3107262464E-02 1.6259359869E-07 -5.3364109932E-08 -1.3107262464E-02 2.4008344666E-01 2.3562217985E-08 8.7817922353E-08 1.6704221143E-07 -2.6654075966E-08 2.3917498543E-01 -1.6235374141E-02 -3.7415259237E-08 -8.7036321712E-08 1.6235374141E-02 2.3917498543E-01
71.00 2.1766589112E-01 -9.0601749320E-03 1.3766640510E-07 -4.7580600024E-08 -9.0601749320E-03 2.1766589112E-01 2.7370671621E-08 1.1027331052E-07 1.4229472724E-07 -2.3020293285E-08 2.1655542134E-01 -2.0002571646E-02 -3.0067673686E-08 -1.1097443213E-07 2.0002571646E-02 2.1655542134E-01
72.00 1.9565454117E-01 -6.3835968106E-03 1.0964698074E-07 -4.1115057462E-08 -6.3835968106E-03 1.9565454117E-01 3.1022269889E-08 1.2807410064E-07 1.1441213319E-07 -1.8819896523E-08 1.9407676161E-01 -2.3961631367E-02 -2.3110819070E-08 -1.3008653206E-07 2.3961631367E-02 1.9407676161E-01
73.00 1.7474578461E-01 -5.2373371515E-03 7.9324108049E-08 -3.4068579591E-08 -5.2373371515E-03 1.7474578461E-01 3.4424977417E-08 1.4076772058E-07 8.4124668672E-08 -1.4059038038E-08 1.7243331824E-01 -2.7846190089E-02 -1.6664651432E-08 -1.4389114612E-07 2.7846190089E-02 1.7243331824E-01
74.00 1.5560587990E-01 -5.7085148390E-03 4.7539014881E-08 -2.6573878657E-08 -5.7085148390E-03 1.5560587990E-01 3.7468180262E-08 1.4804117968E-07 5.2209225835E-08 -8.7306022335E-09 1.5230140107E-01 -3.1382892633E-02 -1.0843498217E-08 -1.5205619932E-07 3.1382892633E-02 1.5230140107E-01
75.00 1.3883229301E-01 -7.8048327641E-03 1.5159509589E-08 -1.8793253513E-08 -7.8048327641E-03 1.3883229301E-01 4.0026725730E-08 1.4973273338E-07 1.9466741561E-08 -2.8163179794E-09 1.3430066773E-01 -3.4304822040E-02 -5.7532731828E-09 -1.5441229110E-07 3.4304822040E-02 1.3430066773E-01
76.00 1.2491986981E-01 -1.1451885902E-02 -1.6947119865E-08 -1.0915167909E-08 -1.1451885902E-02 1.2491986981E-01 4.1966307627E-08 1.4583809941E-07 -1.3301155065E-08 3.7097848248E-09 1.1895971942E-01 -3.6365001527E-02 -1.4887106713E-09 -1.5096009716E-07 3.6365001527E-02 1.1895971942E-01
77.00 1.1423343675E-01 -1.6494677683E-02 -4.7941342111E-08 -3.1494879819E-09 -1.6494677683E-02 1.1423343675E-01 4.3149957522E-08 1.3651096659E-07 -4.5315291186E-08 1.0876740496E-08 1.0668754938E-01 -3.7349303699E-02 1.8693182687E-09 -1.4187155373E-07 3.7349303699E-02 1.0668754938E-01
78.00 1.0698804694E-01 -2.2703308672E-02 -7.7037638992E-08 4.2785025158E-09 -2.2703308672E-02 1.0698804694E-01 4.3445337444E-08 1.2205778982E-07 -7.5840958878E-08 1.8711075538E-08 9.7752101889E-02 -3.7088118569E-02 4.2563364132E-09 -1.2748474846E-07 3.7088118569E-02 9.7752101889E-02
79.00 1.0323766728E-01 -2.9782593614E-02 -1.0352870670E-07 1.1135124812E-08 -2.9782593614E-02 1.0323766728E-01 4.2732478906E-08 1.0292711285E-07 -1.0420790712E-07 2.7230603701E-08 9.2266804090E-02 -3.5466180036E-02 5.6265554476E-09 -1.0829271192E-07 3.5466180036E-02 9.2266804090E-02
80.00 1.0287265928E-01 -3.7385167243E-02 -1.2680661438E-07 1.7186123613E-08 -3.7385167243E-02 1.0287265928E-01 4.0911582054E-08 7.9693897179E-08 -1.2982754067E-07 3.6437939340E-08 9.0185511822E-02 -3.2430028602E-02 5.9548484564E-09 -8.4926565998E-08 3.2430028602E-02 9.0185511822E-02
81.00 1.0562595970E-01 -4.5127465403E-02 -1.4638007114E-07 2.2204988894E-08 -4.5127465403E-02 1.0562595970E-01 3.7910474114E-08 5.3039545702E-08 -1.5220668937E-07 4.6314111803E-08 9.1305883471E-02 -2.7992693193E-02 5.2383083118E-09 -5.8133724366E-08 2.7992693193E-02 9.1305883471E-02
82.00 1.1108744052E-01 -5.2607823835E-02 -1.6188712915E-07 2.5981451458E-08 -5.2607823835E-02 1.1108744052E-01 3.3691333032E-08 2.3728485982E-08 -1.7095748106E-07 5.6812673620E-08 9.5280783231E-02 -2.2235302098E-02 3.4973024494E-09 -2.8752045717E-08 2.2235302098E-02 9.5280783230E-02
83.00 1.1872553805E-01 -5.9425829372E-02 -1.7310285893E-07 2.8329798526E-08 -5.9425829372E-02 1.1872553805E-01 2.8256307725E-08 -7.4176886999E-09 -1.8580304156E-07 6.7854685709E-08 1.0163693511E-01 -1.5305476499E-02 7.7594020030E-10 2.3189956077E-09 1.5305476499E-02 1.0163693511E-01
84.00 1.2791490612E-01 -6.5201991846E-02 -1.7994176059E-07 2.9096648647E-08 -6.5201991846E-02 1.2791490612E-01 2.1651709938E-08 -3.9547436412E-08 -1.9657894678E-07 7.9324932899E-08 1.0979971820E-01 -7.4125131076E-03 -2.8581181377E-09 3.4148942588E-08 7.4125131076E-03 1.0979971820E-01
85.00 1.3796858168E-01 -6.9596782815E-02 -1.8245491295E-07 2.8167834010E-08 -6.9596782815E-02 1.3796858168E-01 1.3970513253E-08 -7.1806725358E-08 -2.0323055341E-07 9.1069673153E-08 1.1912272585E-01 1.1804823563E-03 -7.3145646498E-09 6.5807554591E-08 -1.1804823563E-03 1.1912272585E-01
86.00 1.4817296320E-01 -7.2328110000E-02 -1.8082209533E-07 2.5474064579E-08 -7.2328110000E-02 1.4817296320E-01 5.3529675125E-09 -1.0336563563E-07 -2.0580652530E-07 1.0289615830E-07 1.2892051654E-01 1.0167199250E-02 -1.2482089930E-08 9.6395330773E-08 -1.0167199250E-02 1.2892051654E-01
87.00 1.5782379950E-01 -7.3186362857E-02 -1.7533933708E-07 2.0995090737E-08 -7.3186362857E-02 1.5782379950E-01 -4.0147794612E-09 -1.3344307495E-07 -2.0444904330E-07 1.1457408393E-07 1.3850286959E-01 1.9211014928E-02 -1.8230775276E-08 1.2507216920E-07 -1.9211014928E-02 1.3850286959E-01
88.00 1.6626137211E-01 -7.2046271850E-02 -1.6640254280E-07 1.4762138604E-08 -7.2046271850E-02 1.6626137211E-01 -1.3904071993E-08 -1.6132869425E-07 -1.9938132641E-07 1.2583903611E-07 1.4720882702E-01 2.7959610387E-02 -2.4415202616E-08 1.5108307730E-07 -2.7959610387E-02 1.4720882702E-01
89.00 1.7290312578E-01 -6.8874966707E-02 -1.5448800158E-07 6.8584615966E-09 -6.8874966707E-02 1.7290312578E-01 -2.4049077048E-08 -1.8640124280E-07 -1.9089319758E-07 1.3639790794E-07 1.5443885304E-01 3.6060650820E-02 -3.0878220784E-08 1.7378000002E-07 -3.6060650821E-02 1.5443885304E-01
90.00 1.7727215538E-01 -6.3735790737E-02 -1.4013070507E-07 -2.5820691461E-09 -6.3735790737E-02 1.7727215538E-01 -3.4153894862E-08 -2.0814278879E-07 -1.7932548961E-07 1.4593616202E-07 1.5968357019E-01 4.3177812185E-02 -3.7455274045E-08 1.9263902218E-07 -4.3177812185E-02 1.5968357019E-01
91.00 1.7902018293E-01 -5.6787621410E-02 -1.2390147087E-07 -1.3378327264E-08 -5.6787621409E-02 1.7902018293E-01 -4.3901208896E-08 -2.2614843580E-07 -1.6505410707E-07 1.5412672427E-07 1.6254772822E-01 4.9006407748E-02 -4.3979165722E-08 2.0727241779E-07 -4.9006407748E-02 1.6254772822E-01
92.00 1.7794394584E-01 -4.8279653166E-02 -1.0638388848E-07 -2.5307151203E-08 -4.8279653165E-02 1.7794394584E-01 -5.2962162600E-08 -2.4013138327E-07 -1.4847453424E-07 1.6064020963E-07 1.6276831724E-01 5.3287877194E-02 -5.0285102369E-08 2.1743525509E-07 -5.3287877194E-02 1.6276831724E-01
93.00 1.7399425070E-01 -3.8541807762E-02 -8.8152078430E-08 -3.8110241100E-08 -3.8541807762E-02 1.7399425070E-01 -6.1007093811E-08 -2.4992339464E-07 -1.2998751388E-07 1.6515611019E-07 1.6022603704E-01 5.5822445185E-02 -5.6215840907E-08 2.2302650756E-07 -5.5822445185E-02 1.6022603704E-01
94.00 1.6727731120E-01 -2.7971141036E-02 -6.9750180263E-08 -5.1502472075E-08 -2.7971141036E-02 1.6727731120E-01 -6.7716716807E-08 -2.5547094065E-07 -1.0998651661E-07 1.6737452018E-07 1.5494966567E-01 5.6479334457E-02 -6.1626744799E-08 2.2408485554E-07 -5.6479334457E-02 1.5494966567E-01
95.00 1.5804836626E-01 -1.7014803834E-02 -5.1674371164E-08 -6.5181295077E-08 -1.7014803833E-02 1.5804836626E-01 -7.2793320004E-08 -2.5682747087E-07 -8.8847488602E-08 1.6702793702E-07 1.4711321462E-01 5.5204027116E-02 -6.6390548859E-08 2.2077958427E-07 -5.5204027116E-02 1.4711321462E-01
96.00 1.4669794755E-01 -6.1502806363E-03 -3.4358065576E-08 -7.8836840288E-08 -6.1502806362E-03 1.4669794755E-01 -7.5971543075E-08 -2.5414241856E-07 -6.6921206331E-08 1.6389265893E-07 1.3702610118E-01 5.2022201613E-02 -7.0401633606E-08 2.1339717531E-07 -5.2022201613E-02 1.3702610118E-01
97.00 1.3373151740E-01 4.1362352225E-03 -1.8160772628E-08 -9.2162299616E-08 4.1362352227E-03 1.3373151740E-01 -7.7028314481E-08 -2.4764766373E-07 -4.4528400319E-08 1.5779930597E-07 1.2511689291E-01 4.7040125555E-02 -7.3579621658E-08 2.0232434763E-07 -4.7040125555E-02 1.2511689291E-01
98.00 1.1974351208E-01 1.3372372072E-02 -3.3608941912E-09 -1.0486414633E-07 1.3372372072E-02 1.1974351208E-01 -7.5791562469E-08 -2.3764225621E-07 -2.1957634639E-08 1.4864201367E-07 1.1191147209E-01 4.0441448607E-02 -7.5872131703E-08 1.8802842324E-07 -4.0441448608E-02 1.1191147209E-01
99.00 1.0538708837E-01 2.1122000812E-02 9.8474494342E-09 -1.1667174965E-07 2.1122000812E-02 1.0538708837E-01 -7.2147364357E-08 -2.2447623376E-07 5.3423533253E-10 1.3638589361E-07 9.8006714675E-02 3.2480507303E-02 -7.7256553878E-08 1.7103596356E-07 -3.2480507303E-02 9.8006714675E-02
100.00 9.1341070144E-02 2.7006517291E-02 2.1353674156E-08 -1.2734596590E-07 2.7006517291E-02 9.1341070144E-02 -6.6045261543E-08 -2.0853436131E-07 2.2719355526E-08 1.2107241443E-07 8.4040970934E-02 2.3472416225E-02 -7.7740750328E-08 1.5191065080E-07 -2.3472416225E-02 8.4040970933E-02
101.00 7.8275719029E-02 3.0723988767E-02 3.1126354928E-08 -1.3668633046E-07 3.0723988768E-02 7.8275719029E-02 -5.7501542252E-08 -1.9022056642E-07 4.4394370760E-08 1.0282243191E-07 7.0662763235E-02 1.3780369943E-02 -7.7362628548E-08 1.3123136932E-07 -1.3780369943E-02 7.0662763235E-02
102.00 6.6819002499E-02 3.2065243046E-02 3.9205661675E-08 -1.4453653613E-07 3.2065243046E-02 6.6819002498E-02 -4.6600375167E-08 -1.6994375642E-07 6.5374676574E-08 8.1836681790E-08 5.8499178533E-02 3.8007097087E-03 -7.6188582381E-08 1.0957137886E-07 -3.8007097089E-03 5.8499178533E-02
103.00 5.7525003047E-02 3.0926096632E-02 4.5693182564E-08 -1.5078796379E-07 3.0926096633E-02 5.7525003047E-02 -3.3492760359E-08 -1.4810558450E-07 8.5488034501E-08 5.8393641298E-08 4.8125425675E-02 -6.0535878823E-03 -7.4310846677E-08 8.7479373756E-08 6.0535878820E-03 4.8125425675E-02
104.00 5.0846004352E-02 2.7315073488E-02 5.0739801962E-08 -1.5538112043E-07 2.7315073488E-02 5.0846004352E-02 -1.8393347241E-08 -1.2509058630E-07 1.0456818078E-07 3.2844761173E-08 4.0036953859E-02 -1.5370271454E-02 -7.1843858412E-08 6.5463088834E-08 1.5370271454E-02 4.0036953859E-02
105.00 4.7109610490E-02 2.1356152709E-02 5.4532356823E-08 -1.5830494166E-07 2.1356152709E-02 4.7109610490E-02 -1.5752467129E-09 -1.0125895071E-07 1.2244904080E-07 5.6071649518E-09 3.4625392632E-02 -2.3755258935E-02 -6.8919763039E-08 4.3975959759E-08 2.3755258934E-02 3.4625392632E-02
106.00 4.6502010566E-02 1.3286294381E-02 5.7279811535E-08 -1.5959401731E-07 1.3286294381E-02 4.6502010565E-02 1.6636965186E-08 -7.6942020359E-08 1.3896010599E-07 -2.2845996182E-08 3.2159383523E-02 -3.0849399016E-02 -6.5683242577E-08 2.3407174321E-08 3.0849399016E-02 3.2159383523E-02
107.00 4.9058205157E-02 3.4477194656E-03 5.9199670316E-08 -1.5932390299E-07 3.4477194658E-03 4.9058205157E-02 3.5875796344E-08 -5.2440455962E-08 1.5392344162E-07 -5.1997261117E-08 3.2771138468E-02 -3.6343819381E-02 -6.2285873283E-08 4.0752767611E-09 3.6343819381E-02 3.2771138468E-02
108.00 5.4659676700E-02 -7.7248474278E-03 6.0505289303E-08 -1.5760477398E-07 -7.7248474276E-03 5.4659676700E-02 5.5740638592E-08 -2.8024843882E-08 1.6715267704E-07 -8.1298302851E-08 3.6449292155E-02 -3.9993200554E-02 -5.8880240809E-08 -1.3774687021E-08 3.9993200554E-02 3.6449292155E-02
109.00 6.3039628925E-02 -1.9721533974E-02 6.1394663141E-08 -1.5457376193E-07 -1.9721533974E-02 6.3039628925E-02 7.5808485610E-08 -3.9383938768E-09 1.7845419256E-07 -1.1018469096E-07 4.3038327050E-02 -4.1626413698E-02 -5.5614051035E-08 -2.9970657115E-08 4.1626413698E-02 4.3038327050E-02
110.00 7.3795557509E-02 -3.1978620088E-02 6.2041148807E-08 -1.5038638192E-07 -3.1978620088E-02 7.3795557509E-02 9.5645219346E-08 1.9598734325E-08 1.8763056654E-07 -1.3809151708E-07 5.2244554371E-02 -4.1154084899E-02 -5.2624473204E-08 -4.4409998283E-08 4.1154084899E-02 5.2244554371E-02
111.00 8.6408562144E-02 -4.3902933927E-02 6.2586459555E-08 -1.4520750362E-07 -4.3902933927E-02 8.6408562144E-02 1.1481711324E-07 4.2384014612E-08 1.9448619207E-07 -1.6446939489E-07 6.3648344887E-02 -3.8572790897E-02 -5.0032939485E-08 -5.7053328065E-08 3.8572790897E-02 6.3648344887E-02
112.00 1.0026848585E-01 -5.4898334563E-02 6.3136122332E-08 -1.3920234431E-07 -5.4898334563E-02 1.0026848585E-01 1.3290221242E-07 6.4226630079E-08 1.9883482255E-07 -1.8880032968E-07 7.6722032734E-02 -3.3965744653E-02 -4.7940602237E-08 -6.7916264493E-08 3.3965744652E-02 7.6722032734E-02
113.00 1.1470368577E-01 -6.4393150297E-02 6.3757449695E-08 -1.3252795967E-07 -6.4393150297E-02 1.1470368577E-01 1.4950127379E-07 8.4941630688E-08 2.0050866812E-07 -2.1061295112E-07 9.0852674729E-02 -2.7499985792E-02 -4.6424618077E-08 -7.7059684527E-08 2.7499985792E-02 9.0852674729E-02
114.00 1.2901401430E-01 -7.1867366203E-02 6.4479941473E-08 -1.2532568269E-07 -7.1867366202E-02 1.2901401430E-01 1.6424798201E-07 1.0434473559E-07 1.9936854992E-07 -2.2949661848E-07 1.0536864671E-01 -1.9420243348E-02 -4.5535389217E-08 -8.4579112803E-08 1.9420243348E-02 1.0536864671E-01
115.00 1.4250543082E-01 -7.6878330022E-02 6.5297906314E-08 -1.1771490990E-07 -7.6878330022E-02 1.4250543082E-01 1.7681819637E-07 1.2224828269E-07 1.9531452769E-07 -2.4511393631E-07 1.1956890493E-01 -1.0039778947E-02 -4.5294848594E-08 -9.0593856691E-08 1.0039778947E-02 1.1956890493E-01
116.00 1.5452458026E-01 -7.9083774688E-02 6.6174988646E-08 -1.0978856185E-07 -7.9083774688E-02 1.5452458026E-01 1.8693802773E-07 1.3845873974E-07 1.8829636094E-07 -2.5721126349E-07 1.3275363968E-01 2.7135859394E-04 -4.5695828077E-08 -9.5236471828E-08 -2.7135859419E-04 1.3275363968E-01
117.00 1.6449166945E-01 -7.8261038971E-02 6.7050202571E-08 -1.0161045442E-07 -7.8261038971E-02 1.6449166945E-01 1.9439058913E-07 1.5277607901E-07 1.7832313895E-07 -2.6562685384E-07 1.4425500358E-01 1.1100136814E-02 -4.6702503757E-08 -9.8643081914E-08 -1.1100136814E-02 1.4425500358E-01
118.00 1.7193004603E-01 -7.4321503135E-02 6.7845018982E-08 -9.3214712835E-08 -7.4321503135E-02 1.7193004603E-01 1.9902130943E-07 1.6499518883E-07 1.6547143116E-07 -2.7029633678E-07 1.5346660786E-01 2.2005798527E-02 -4.8251867316E-08 -1.0094499594E-07 -2.2005798527E-02 1.5346660786E-01
119.00 1.7649103447E-01 -6.7319439846E-02 6.8471022395E-08 -8.4607247402E-08 -6.7319439846E-02 1.7649103447E-01 2.0074173864E-07 1.7490935814E-07 1.4989135598E-07 -2.7125532116E-07 1.5987054602E-01 3.2535930683E-02 -5.0256132683E-08 -1.0226196842E-07 -3.2535930684E-02 1.5987054602E-01
120.00 1.7797280286E-01 -5.7454705247E-02 6.8837654545E-08 -7.5769195362E-08 -5.7454705247E-02 1.7797280286E-01 1.9953181279E-07 1.8231572964E-07 1.3181005129E-07 -2.6863899349E-07 1.6306081971E-01 4.2242685519E-02 -5.2605954768E-08 -1.0269733792E-07 -4.2242685519E-02 1.6306081971E-01
121.00 1.7633231196E-01 -4.5068952611E-02 6.8859586952E-08 -6.6662121740E-08 -4.5068952611E-02 1.7633231196E-01 1.9544057608E-07 1.8702248451E-07 1.1153213981E-07 -2.6267867059E-07 1.6276220215E-01 5.0698513791E-02 -5.5174310523E-08 -1.0233516537E-07 -5.0698513791E-02 1.6276220215E-01
122.00 1.7168972241E-01 -3.0635330760E-02 6.8463314908E-08 -5.7234670877E-08 -3.0635330760E-02 1.7168972241E-01 1.8858538498E-07 1.8885740126E-07 8.9436919314E-08 -2.5369536206E-07 1.5884377059E-01 5.7510814948E-02 -5.7820875715E-08 -1.0123937907E-07 -5.7510814948E-02 1.5884377059E-01
123.00 1.6432499102E-01 -1.4741919699E-02 6.7592635093E-08 -4.7430274318E-08 -1.4741919699E-02 1.6432499102E-01 1.7914963913E-07 1.8767733120E-07 6.5972160650E-08 -2.4209049225E-07 1.5132656403E-01 6.2334978128E-02 -6.0396722186E-08 -9.9454824906E-08 -6.2334978129E-02 1.5132656403E-01
124.00 1.5466675628E-01 1.9305560882E-03 6.6212753194E-08 -3.7195456526E-08 1.9305560882E-03 1.5466675628E-01 1.6737910009E-07 1.8337805781E-07 4.1644558557E-08 -2.2833402474E-07 1.4038506459E-01 6.4885376569E-02 -6.2749161566E-08 -9.7010021332E-08 -6.4885376570E-02 1.4038506459E-01
125.00 1.4327397991E-01 1.8635923666E-02 6.4312862309E-08 -2.6488237417E-08 1.8635923666E-02 1.4327397991E-01 1.5357687114E-07 1.7590396164E-07 1.7007046009E-08 -2.1295032024E-07 1.2634245125E-01 6.4943981100E-02 -6.4726568076E-08 -9.3921336387E-08 -6.4943981100E-02 1.2634245125E-01
126.00 1.3081115675E-01 3.4593609683E-02 6.1907130533E-08 -1.5286117220E-08 3.4593609683E-02 1.3081115675E-01 1.3809712251E-07 1.6525689811E-07 -7.3566585755E-09 -1.9650214026E-07 1.0965982290E-01 6.2366370281E-02 -6.6183028769E-08 -9.0198237371E-08 -6.2366370281E-02 1.0965982290E-01
127.00 1.1801821435E-01 4.9022279170E-02 5.9034132743E-08 -3.5931431932E-09 4.9022279170E-02 1.1801821435E-01 1.2133765618E-07 1.5150371324E-07 -3.0849755998E-08 -1.7957327876E-07 9.0919824239E-02 5.7085029768E-02 -6.6982690306E-08 -8.5849217967E-08 -5.7085029768E-02 9.0919824239E-02
128.00 1.0567648093E-01 6.1174650792E-02 5.5754849366E-08 8.5544020413E-09 6.1174650792E-02 1.0567648093E-01 1.0373141596E-07 1.3478187235E-07 -5.2881682775E-08 -1.6275036166E-07 7.0805324028E-02 4.9109946166E-02 -6.7003694152E-08 -8.0887983846E-08 -4.9109946166E-02 7.0805324028E-02
129.00 9.4572293916E-02 7.0371980714E-02 5.2149433511E-08 2.1084083700E-08 7.0371980714E-02 9.4572293916E-02 8.5737062487E-08 1.1530275496E-07 -7.2888299606E-08 -1.4660439572E-07 5.0073982673E-02 3.8526605952E-02 -6.6141619130E-08 -7.5339473993E-08 -3.8526605952E-02 5.0073982673E-02
130.00 8.5459941211E-02 7.6036679126E-02 4.8313007697E-08 3.3885472530E-08 7.6036679125E-02 8.5459941211E-02 6.7828749008E-08 9.3352271549E-08 -9.0352145922E-08 -1.3167267169E-07 2.9529698825E-02 2.5491603845E-02 -6.4312376770E-08 -6.9245313498E-08 -2.5491603845E-02 2.9529698825E-02
131.00 7.9025668938E-02 7.7721564111E-02 4.4350795827E-08 4.6810575066E-08 7.7721564110E-02 7.9025668938E-02 5.0485254993E-08 6.9288582091E-08 -1.0482192019E-07 -1.1844163121E-07 9.9920371969E-03 1.0226143747E-02 -6.1454529371E-08 -6.2668330757E-08 -1.0226143747E-02 9.9920371970E-03
132.00 7.5854449017E-02 7.5134366771E-02 4.0372918541E-08 5.9676612898E-08 7.5134366771E-02 7.5854449017E-02 3.4178658143E-08 4.3536831081E-08 -1.1593035124E-07 -1.0733128967E-07 -7.7351910777E-03 -6.9922231517E-03 -5.7531024861E-08 -5.5695826346E-08 6.9922231516E-03 -7.7351910777E-03
133.00 7.6401080767E-02 6.8156276226E-02 3.6489182434E-08 7.2271103150E-08 6.8156276225E-02 7.6401080767E-02 1.9362750979E-08 1.6580957114E-08 -1.2340966577E-07 -9.8681769160E-08 -2.2895000475E-02 -2.5839235800E-02 -5.2530361075E-08 -4.8441349648E-08 2.5839235800E-02 -2.2895000475E-02
134.00 8.0967007239E-02 5.6853546827E-02 3.2804178005E-08 8.4359067193E-08 5.6853546827E-02 8.0967007239E-02 6.4614371436E-09 -1.1047222421E-08 -1.2710393517E-07 -9.2742436864E-08 -3.4806782119E-02 -4.5954525272E-02 -4.6467207884E-08 -4.1044818538E-08 4.5954525272E-02 -3.4806782119E-02
135.00 8.9683968643E-02 4.1481473330E-02 2.9412964570E-08 9.5692075817E-08 4.1481473330E-02 8.9683968643E-02 -4.1426327691E-09 -3.8781317257E-08 -1.2697769373E-07 -8.9664064226E-08 -4.2893226139E-02 -6.6952765091E-02 -3.9382526252E-08 -3.3670904071E-08 6.6952765090E-02 -4.2893226139E-02
136.00 1.0250530392E-01 2.2480360893E-02 2.6397571563E-08 1.0601873520E-07 2.2480360892E-02 1.0250530392E-01 -1.2118901288E-08 -6.6035605364E-08 -1.2312036017E-07 -8.9494326156E-08 -4.6703614278E-02 -8.8434965480E-02 -3.1343229746E-08 -2.6505691284E-08 8.8434965480E-02 -4.6703614278E-02
137.00 1.1920536175E-01 4.6346167677E-04 2.3824483935E-08 1.1509613114E-07 4.6346167668E-04 1.1920536175E-01 -1.7198917406E-08 -9.2221654686E-08 -1.1574615512E-07 -9.2176846694E-08 -4.5932624827E-02 -1.0999953386E-01 -2.2441435585E-08 -1.9751716526E-08 1.0999953386E-01 -4.5932624827E-02
138.00 1.3938711027E-01 -2.3802796847E-02 2.1743208918E-08 1.2270168768E-07 -2.3802796847E-02 1.3938711027E-01 -1.9185212059E-08 -1.1676569486E-07 -1.0518938663E-07 -9.7553874591E-08 -4.0433965838E-02 -1.3125276293E-01 -1.2793351348E-08 -1.3621564290E-08 1.3125276293E-01 -4.0433965838E-02
139.00 1.6249765810E-01 -4.9425621193E-02 2.0185950445E-08 1.2864485953E-07 -4.9425621193E-02 1.6249765810E-01 -1.7958723078E-08 -1.3912606327E-07 -9.1895162160E-08 -1.0537254175E-07 -3.0228350526E-02 -1.5181845633E-01 -2.5378373148E-09 -8.3302837869E-09 1.5181845633E-01 -3.0228350526E-02
140.00 1.8785103473E-01 -7.5418706021E-02 1.9168344194E-08 1.3277807252E-07 -7.5418706021E-02 1.8785103473E-01 -1.3484471783E-08 -1.5881003280E-07 -7.6405775406E-08 -1.1529452450E-07 -1.5505543088E-02 -1.7134645653E-01 8.1653210882E-09 -4.0869474052E-09 1.7134645653E-01 -1.5505543088E-02
141.00 2.1465724359E-01 -1.0073985717E-01 1.8691140929E-08 1.3500634843E-07 -1.0073985717E-01 2.1465724359E-01 -5.8152184883E-09 -1.7538934585E-07 -5.9343197115E-08 -1.2690879833E-07 3.3795741877E-03 -1.8951989838E-01 1.9137406044E-08 -1.0857245005E-09 1.8951989838E-01 3.3795741877E-03
142.00 2.4205631082E-01 -1.2433187654E-01 1.8742667565E-08 1.3529510232E-07 -1.2433187654E-01 2.4205631082E-01 4.9071339155E-09 -1.8851382544E-07 -4.1388266559E-08 -1.3974705552E-07 2.5916739235E-02 -2.0606107034E-01 3.0183008539E-08 5.0312382883E-10 2.0606107034E-01 2.5916739235E-02
143.00 2.6915582040E-01 -1.4516503403E-01 1.9301849919E-08 1.3367567816E-07 -1.4516503403E-01 2.6915582040E-01 1.8452563539E-08 -1.9792250960E-07 -2.3257324909E-08 -1.5330124707E-07 5.1455466799E-02 -2.2073582284E-01 4.1092508942E-08 5.4190864488E-10 2.2073582284E-01 5.1455466799E-02
144.00 2.9507026272E-01 -1.6227935615E-01 2.0341551142E-08 1.3024828900E-07 -1.6227935615E-01 2.9507026272E-01 3.4506488923E-08 -2.0345185442E-07 -5.6771494225E-09 -1.6704261997E-07 7.9225039080E-02 -2.3335651629E-01 5.1644797503E-08 -1.0665846562E-09 2.3335651629E-01 7.9225039080E-02
145.00 3.1896043524E-01 -1.7482494146E-01 2.1831961952E-08 1.2518214383E-07 -1.7482494146E-01 3.1896043524E-01 5.2675889768E-08 -2.0504067295E-07 1.0640872652E-08 -1.8044155560E-07 1.0835857331E-01 -2.4378354883E-01 6.1610234670E-08 -4.3723486308E-09 2.4378354883E-01 1.0835857331E-01
146.00 3.4007112556E-01 -1.8209857296E-01 2.3743784400E-08 1.1871267362E-07 -1.8209857296E-01 3.4007112556E-01 7.2497930549E-08 -2.0273160952E-07 2.5026345225E-08 -1.9298747211E-07 1.3792026711E-01 -2.5192554472E-01 7.0753860959E-08 -9.3729216649E-09 2.5192554472E-01 1.3792026711E-01
147.00 3.5776537835E-01 -1.8357503285E-01 2.6050963792E-08 1.1113590231E-07 -1.8357503285E-01 3.5776537835E-01 9.3450931508E-08 -1.9666909309E-07 3.6874250568E-08 -2.0420804090E-07 1.6693481654E-01 -2.5773831747E-01 7.8838857506E-08 -1.6009969333E-08 2.5773831747E-01 1.6693481654E-01
148.00 3.7155379466E-01 -1.7893173211E-01 2.8732760629E-08 1.0280014127E-07 -1.7893173211E-01 3.7155379466E-01 1.1496744151E-07 -1.8709385726E-07 4.5667172254E-08 -2.1368698547E-07 1.9441793617E-01 -2.6122274722E-01 8.5630262086E-08 -2.4167914737E-08 2.6122274722E-01 1.9441793617E-01
149.00 3.8111752895E-01 -1.6806553602E-01 3.1774995082E-08 9.4095310291E-08 -1.6806553602E-01 3.8111752895E-01 1.3644907364E-07 -1.7433425350E-07 5.0994477853E-08 -2.2107977394E-07 2.1940688736E-01 -2.6242172976E-01 9.0898930786E-08 -3.3674765809E-08 2.6242172976E-01 2.1940688736E-01
150.00 3.8632392529E-01 -1.5110098573E-01 3.5170356559E-08 8.5440299662E-08 -1.5110098573E-01 3.8632392529E-01 1.5728268666E-07 -1.5879471255E-07 5.2567701673E-08 -2.2612659397E-07 2.4098994086E-01 -2.6141636477E-01 9.4425733053E-08 -4.4305206132E-08 2.6141636477E-01 2.4098994086E-01
151.00 3.8723405693E-01 -1.2838947189E-01 3.8917729154E-08 7.7268877856E-08 -1.2838947189E-01 3.8723405693E-01 1.7685742267E-07 -1.4094182120E-07 5.0231512735E-08 -2.2866209611E-07 2.5833376199E-01 -2.5832155498E-01 9.6005947278E-08 -5.5785915587E-08 2.5832155498E-01 2.5833376199E-01
152.00 3.8410178880E-01 -1.0049929309E-01 4.3020552755E-08 7.0014717622E-08 -1.0049929309E-01 3.8410178880E-01 1.9458206293E-07 -1.2128857093E-07 4.3969828025E-08 -2.2862151634E-07 2.7070780774E-01 -2.5328118579E-01 9.5453814357E-08 -6.7802999413E-08 2.5328118579E-01 2.7070780774E-01
153.00 3.7736435473E-01 -6.8196913038E-02 4.7484300842E-08 6.4096154582E-08 -6.8196913038E-02 3.7736435473E-01 2.0990212777E-07 -1.0037739916E-07 3.3906819301E-08 -2.2604292325E-07 2.7750496066E-01 -2.4646304811E-01 9.2607185216E-08 -8.0011309467E-08 2.4646304811E-01 2.7750496066E-01
154.00 3.6762481284E-01 -3.2420100249E-02 5.2313219536E-08 5.9901302105E-08 -3.2420100249E-02 3.6762481284E-01 2.2231614096E-07 -7.8762683353E-08 2.0302770414E-08 -2.2106549243E-07 2.7825778809E-01 -2.3805365673E-01 8.7332181393E-08 -9.2045360230E-08 2.3805365673E-01 2.7825778809E-01
155.00 3.5562709888E-01 5.7560248442E-03 5.7506523958E-08 5.7774131042E-08 5.7560248443E-03 3.5562709888E-01 2.3139049040E-07 -5.6993354165E-08 3.5449436646E-09 -2.1392386199E-07 2.7265000028E-01 -2.2825310290E-01 7.9527768729E-08 -1.0353146791E-07 2.2825310290E-01 2.7265000028E-01
156.00 3.4222472159E-01 4.5158710778E-02 6.3054287642E-08 5.8002076685E-08 4.5158710778E-02 3.4222472159E-01 2.3677235514E-07 -3.5596274595E-08 -1.5866187236E-08 -2.0493877987E-07 2.6052287827E-01 -2.1727006422E-01 6.9130124057E-08 -1.1410068049E-07 2.1727006422E-01 2.6052287827E-01
157.00 3.2834442285E-01 8.4561495618E-02 6.8933293937E-08 6.0805663777E-08 8.4561495618E-02 3.2834442285E-01 2.3820023361E-07 -1.5060985270E-08 -3.7334792170E-08 -1.9450440447E-07 2.4187664386E-01 -2.0531707827E-01 5.6116660773E-08 -1.2340202499E-07 2.0531707827E-01 2.4187664386E-01
158.00 3.1494634710E-01 1.2273057992E-01 7.5103126781E-08 6.6330548437E-08 1.2273057992E-01 3.1494634710E-01 2.3551168544E-07 4.1736565994E-09 -6.0190926163E-08 -1.8307275008E-07 2.1686694031E-01 -1.9260616943E-01 4.0509562688E-08 -1.3111556932E-07 1.9260616943E-01 2.1686694031E-01
159.00 3.0298241854E-01 1.5847179871E-01 8.1502779107E-08 7.4642265896E-08 1.5847179871E-01 3.0298241854E-01 2.2864800281E-07 2.1730510645E-08 -8.3714322334E-08 -1.7113588556E-07 1.8579677502E-01 -1.7934490054E-01 2.2378667900E-08 -1.3696479342E-07 1.7934490054E-01 1.8579677502E-01
160.00 2.9335470655E-01 1.9067630950E-01 8.8048038076E-08 8.5723850339E-08 1.9067630950E-01 2.9335470655E-01 2.1765563836E-07 3.7302532158E-08 -1.0715980617E-07 -1.5920658407E-07 1.4910443690E-01 -1.6573290484E-01 1.8435389410E-09 -1.4072777470E-07 1.6573290484E-01 1.4910443690E-01
161.00 2.8687556401E-01 2.1836316162E-01 9.4629872761E-08 9.9476366960E-08 2.1836316162E-01 2.8687556401E-01 2.0268433908E-07 5.0658291002E-08 -1.2978334633E-07 -1.4779818257E-07 1.0734803345E-01 -1.5195893717E-01 -2.0925442285E-08 -1.4224672827E-07 1.5195893717E-01 1.0734803345E-01
162.00 2.8423125216E-01 2.4071703529E-01 1.0111400366E-07 1.1572226917E-07 2.4071703529E-01 2.8423125216E-01 1.8398205907E-07 6.1644549386E-08 -1.5086774284E-07 -1.3740443952E-07 6.1187392300E-02 -1.3819846832E-01 -4.5707106916E-08 -1.4143549293E-07 1.3819846832E-01 6.1187392300E-02
163.00 2.8595062044E-01 2.5711963179E-01 1.0734177607E-07 1.3421137467E-07 2.5711963179E-01 2.8595062044E-01 1.6188684618E-07 7.0185942955E-08 -1.6974698154E-07 -1.2848017626E-07 1.1364133167E-02 -1.2461183232E-01 -7.2230793360E-08 -1.3828462364E-07 1.2461183232E-01 1.1364133167E-02
164.00 2.9238019844E-01 2.6717345037E-01 1.1313239277E-07 1.5462914702E-07 2.6717345037E-01 2.9238019844E-01 1.3681600968E-07 7.6281927988E-08 -1.8582835319E-07 -1.2142345231E-07 -4.1319260644E-02 -1.1134292325E-01 -1.0017901235E-07 -1.3286383343E-07 1.1134292325E-01 -4.1319260644E-02
165.00 3.0366678783E-01 2.7071699254E-01 1.1828649459E-07 1.7660687944E-07 2.7071699254E-01 3.0366678783E-01 1.0925297834E-07 8.0001265604E-08 -1.9861153958E-07 -1.1655995751E-07 -9.6020558672E-02 -9.8518426153E-02 -1.2919155688E-07 -1.2532162399E-07 9.8518426153E-02 -9.6020558672E-02
166.00 3.1974832662E-01 2.6783077678E-01 1.2259100166E-07 1.9973330929E-07 2.6783077678E-01 3.1974832662E-01 7.9732335560E-08 8.1474404736E-08 -2.0770400756E-07 -1.1413020981E-07 -1.5187832793E-01 -8.6247555870E-02 -1.5887108873E-07 -1.1588204448E-07 8.6247555870E-02 -1.5187832793E-01
167.00 3.4035345026E-01 2.5883391365E-01 1.2582506642E-07 2.2356714944E-07 2.5883391365E-01 3.4035345026E-01 4.8823584491E-08 8.0884199798E-08 -2.1283221336E-07 -1.1428002829E-07 -2.0803123196E-01 -7.4622267336E-02 -1.8879018309E-07 -1.0483862809E-07 7.4622267335E-02 -2.0803123196E-01
168.00 3.6500980781E-01 2.4427136668E-01 1.2776692411E-07 2.4765000373E-07 2.4427136668E-01 3.6500980781E-01 1.7114228468E-08 7.8455447835E-08 -2.1384829959E-07 -1.1705461362E-07 -2.6363552376E-01 -6.3717892569E-02 -2.1849975678E-07 -9.2545660345E-08 6.3717892569E-02 -2.6363552376E-01
169.00 3.9306082293E-01 2.2489239374E-01 1.2820137617E-07 2.7151914420E-07 2.2489239374E-01 3.9306082293E-01 -1.4807235314E-08 7.4443757416E-08 -2.1073215593E-07 -1.2239641970E-07 -3.1788030557E-01 -5.3594151623E-02 -2.4753874638E-07 -7.9407037862E-08 5.3594151623E-02 -3.1788030557E-01
170.00 4.2369023389E-01 2.0162101256E-01 1.2692760631E-07 2.9471965945E-07 2.0162101256E-01 4.2369023389E-01 -4.6367821636E-08 6.9124261969E-08 -2.0358890465E-07 -1.3014684331E-07 -3.7000027511E-01 -4.4296478455E-02 -2.7544483905E-07 -6.5863071563E-08 4.4296478455E-02 -3.7000027511E-01
171.00 4.5595341893E-01 1.7551964789E-01 1.2376700154E-07 3.1681554290E-07 1.7551964789E-01 4.5595341893E-01 -7.7025515781E-08 6.2780671031E-08 -1.9264205266E-07 -1.4005160567E-07 -4.1928582869E-01 -3.5857597506E-02 -3.0176600027E-07 -5.2375671504E-08 3.5857597506E-02 -4.1928582869E-01
172.00 4.8881422730E-01 1.4774738595E-01 1.1857064499E-07 3.3739936334E-07 1.4774738595E-01 4.8881422730E-01 -1.0628319467E-07 5.5695107241E-08 -1.7822271792E-07 -1.5176955421E-07 -4.6509053886E-01 -2.8299283019E-02 -3.2607248432E-07 -3.9412419829E-08 2.8299283019E-02 -4.6509053886E-01
173.00 5.2118580371E-01 1.1951447198E-01 1.1122615608E-07 3.5610025133E-07 1.1951447198E-01 5.2118580371E-01 -1.3370059637E-07 4.8139114545E-08 -1.6075548092E-07 -1.6488448061E-07 -5.0683615995E-01 -2.1634230880E-02 -3.4796896429E-07 -2.7430090002E-08 2.1634230880E-02 -5.0683615995E-01
174.00 5.5197372468E-01 9.2034833051E-02 1.0166357747E-07 3.7259003498E-07 9.2034833051E-02 5.5197372468E-01 -1.5890401538E-07 4.0366145808E-08 -1.4074152572E-07 -1.7891944132E-07 -5.4401543149E-01 -1.5867972136E-02 -3.6710637921E-07 -1.6858200289E-08 1.5867972136E-02 -5.4401543149E-01
175.00 5.8011966610E-01 6.6478483796E-02 8.9860047783E-08 3.8658746123E-07 6.6478483796E-02 5.8011966610E-01 -1.8159350003E-07 3.2605746001E-08 -1.1873981612E-07 -1.9335297996E-07 -5.7619304187E-01 -1.1000758391E-02 -3.8319306950E-07 -8.0832013551E-09 1.1000758391E-02 -5.7619304187E-01
176.00 6.0464379714E-01 4.3925675721E-02 7.5843051547E-08 3.9786054094E-07 4.3925675721E-02 6.0464379714E-01 -2.0154743171E-07 2.5059552862E-08 -9.5347099514E-08 -2.0763659343E-07 -6.0300517796E-01 -7.0293521048E-03 -3.9600476216E-07 -1.4338835100E-09 7.0293521048E-03 -6.0300517796E-01
177.00 6.2468414586E-01 2.5324580966E-02 5.9692098238E-08 4.0622714944E-07 2.5324580966E-02 6.2468414586E-01 -2.1862446980E-07 1.7899136910E-08 -7.1177539769E-08 -2.2121275563E-07 -6.2415811761E-01 -3.9486593264E-03 -4.0539297453E-07 2.8314436296E-09 3.9486593264E-03 -6.2415811761E-01
178.00 6.3953130645E-01 1.1454162064E-02 4.1538750494E-08 4.1155409544E-07 1.1454162064E-02 6.3953130645E-01 -2.3276294400E-07 1.1265608236E-08 -4.6842755568E-08 -2.3353281657E-07 -6.3942632145E-01 -1.7531486606E-03 -4.1129143279E-07 4.5355023601E-09 1.7531486605E-03 -6.3942632145E-01
179.00 6.4865705000E-01 2.8936758213E-03 2.1564992646E-08 4.1375493582E-07 2.8936758213E-03 6.4865705000E-01 -2.4397786359E-07 5.2708295122E-09 -2.2932983638E-08 -2.4407412577E-07 -6.4865044770E-01 -4.3800802923E-04 -4.1372014795E-07 3.5899065571E-09 4.3800802922E-04 -6.4865044770E-01
180.00 6.5173565266E-01 2.7755575475E-16 1.5485350463E-18 4.1278685834E-07 2.7755575756E-16 6.5173565265E-01 -2.5235579003E-07 5.3832649567E-18 -1.5487997441E-18 -2.5235579003E-07 -6.5173565265E-01 -2.2204460646E-16 -4.1278685834E-07 5.3832120172E-18 2.2204460339E-16 -6.5173565266E-01
