x y z |Einc|^2 Eincx.r Eincx.i Eincy.r Eincy.i Eincz.r Eincz.i
-1.5 -1.5 -5.5 0.07021541607 0 0 0.187784675 0.1869554276 0 0
-0.5 -1.5 -5.5 0.07021541607 0 0 0.187784675 0.1869554276 0 0
0.5 -1.5 -5.5 0.07021541607 0 0 0.187784675 0.1869554276 0 0
1.5 -1.5 -5.5 0.07021541607 0 0 0.187784675 0.1869554276 0 0
-1.5 -0.5 -5.5 0.07021541607 0 0 0.187784675 0.1869554276 0 0
-0.5 -0.5 -5.5 0.07021541607 0 0 0.187784675 0.1869554276 0 0
0.5 -0.5 -5.5 0.07021541607 0 0 0.187784675 0.1869554276 0 0
1.5 -0.5 -5.5 0.07021541607 0 0 0.187784675 0.1869554276 0 0
-1.5 0.5 -5.5 0.07021541607 0 0 0.187784675 0.1869554276 0 0
-0.5 0.5 -5.5 0.07021541607 0 0 0.187784675 0.1869554276 0 0
0.5 0.5 -5.5 0.07021541607 0 0 0.187784675 0.1869554276 0 0
1.5 0.5 -5.5 0.07021541607 0 0 0.187784675 0.1869554276 0 0
-1.5 1.5 -5.5 0.07021541607 0 0 0.187784675 0.1869554276 0 0
-0.5 1.5 -5.5 0.07021541607 0 0 0.187784675 0.1869554276 0 0
0.5 1.5 -5.5 0.07021541607 0 0 0.187784675 0.1869554276 0 0
1.5 1.5 -5.5 0.07021541607 0 0 0.187784675 0.1869554276 0 0
-1.5 -3.5 -4.5 0.07021541607 -0 0 -0.05585707492 0.259027804 -0 0
-0.5 -3.5 -4.5 0.07021541607 -0 0 -0.05585707492 0.259027804 -0 0
0.5 -3.5 -4.5 0.07021541607 -0 0 -0.05585707492 0.259027804 -0 0
1.5 -3.5 -4.5 0.07021541607 -0 0 -0.05585707492 0.259027804 -0 0
-2.5 -2.5 -4.5 0.07021541607 -0 0 -0.05585707492 0.259027804 -0 0
-1.5 -2.5 -4.5 0.07021541607 -0 0 -0.05585707492 0.259027804 -0 0
-0.5 -2.5 -4.5 0.07021541607 -0 0 -0.05585707492 0.259027804 -0 0
0.5 -2.5 -4.5 0.07021541607 -0 0 -0.05585707492 0.259027804 -0 0
1.5 -2.5 -4.5 0.07021541607 -0 0 -0.05585707492 0.259027804 -0 0
2.5 -2.5 -4.5 0.07021541607 -0 0 -0.05585707492 0.259027804 -0 0
-3.5 -1.5 -4.5 0.07021541607 -0 0 -0.05585707492 0.259027804 -0 0
-2.5 -1.5 -4.5 0.07021541607 -0 0 -0.05585707492 0.259027804 -0 0
-1.5 -1.5 -4.5 0.07021541607 -0 0 -0.05585707492 0.259027804 -0 0
-0.5 -1.5 -4.5 0.07021541607 -0 0 -0.05585707492 0.259027804 -0 0
0.5 -1.5 -4.5 0.07021541607 -0 0 -0.05585707492 0.259027804 -0 0
1.5 -1.5 -4.5 0.07021541607 -0 0 -0.05585707492 0.259027804 -0 0
2.5 -1.5 -4.5 0.07021541607 -0 0 -0.05585707492 0.259027804 -0 0
3.5 -1.5 -4.5 0.07021541607 -0 0 -0.05585707492 0.259027804 -0 0
-3.5 -0.5 -4.5 0.07021541607 -0 0 -0.05585707492 0.259027804 -0 0
-2.5 -0.5 -4.5 0.07021541607 -0 0 -0.05585707492 0.259027804 -0 0
-1.5 -0.5 -4.5 0.07021541607 -0 0 -0.05585707492 0.259027804 -0 0
-0.5 -0.5 -4.5 0.07021541607 -0 0 -0.05585707492 0.259027804 -0 0
0.5 -0.5 -4.5 0.07021541607 -0 0 -0.05585707492 0.259027804 -0 0
1.5 -0.5 -4.5 0.07021541607 -0 0 -0.05585707492 0.259027804 -0 0
2.5 -0.5 -4.5 0.07021541607 -0 0 -0.05585707492 0.259027804 -0 0
3.5 -0.5 -4.5 0.07021541607 -0 0 -0.05585707492 0.259027804 -0 0
-3.5 0.5 -4.5 0.07021541607 -0 0 -0.05585707492 0.259027804 -0 0
-2.5 0.5 -4.5 0.07021541607 -0 0 -0.05585707492 0.259027804 -0 0
-1.5 0.5 -4.5 0.07021541607 -0 0 -0.05585707492 0.259027804 -0 0
-0.5 0.5 -4.5 0.07021541607 -0 0 -0.05585707492 0.259027804 -0 0
0.5 0.5 -4.5 0.07021541607 -0 0 -0.05585707492 0.259027804 -0 0
1.5 0.5 -4.5 0.07021541607 -0 0 -0.05585707492 0.259027804 -0 0
2.5 0.5 -4.5 0.07021541607 -0 0 -0.05585707492 0.259027804 -0 0
3.5 0.5 -4.5 0.07021541607 -0 0 -0.05585707492 0.259027804 -0 0
-3.5 1.5 -4.5 0.07021541607 -0 0 -0.05585707492 0.259027804 -0 0
-2.5 1.5 -4.5 0.07021541607 -0 0 -0.05585707492 0.259027804 -0 0
-1.5 1.5 -4.5 0.07021541607 -0 0 -0.05585707492 0.259027804 -0 0
-0.5 1.5 -4.5 0.07021541607 -0 0 -0.05585707492 0.259027804 -0 0
0.5 1.5 -4.5 0.07021541607 -0 0 -0.05585707492 0.259027804 -0 0
1.5 1.5 -4.5 0.07021541607 -0 0 -0.05585707492 0.259027804 -0 0
2.5 1.5 -4.5 0.07021541607 -0 0 -0.05585707492 0.259027804 -0 0
3.5 1.5 -4.5 0.07021541607 -0 0 -0.05585707492 0.259027804 -0 0
-2.5 2.5 -4.5 0.07021541607 -0 0 -0.05585707492 0.259027804 -0 0
-1.5 2.5 -4.5 0.07021541607 -0 0 -0.05585707492 0.259027804 -0 0
-0.5 2.5 -4.5 0.07021541607 -0 0 -0.05585707492 0.259027804 -0 0
0.5 2.5 -4.5 0.07021541607 -0 0 -0.05585707492 0.259027804 -0 0
1.5 2.5 -4.5 0.07021541607 -0 0 -0.05585707492 0.259027804 -0 0
2.5 2.5 -4.5 0.07021541607 -0 0 -0.05585707492 0.259027804 -0 0
-1.5 3.5 -4.5 0.07021541607 -0 0 -0.05585707492 0.259027804 -0 0
-0.5 3.5 -4.5 0.07021541607 -0 0 -0.05585707492 0.259027804 -0 0
0.5 3.5 -4.5 0.07021541607 -0 0 -0.05585707492 0.259027804 -0 0
1.5 3.5 -4.5 0.07021541607 -0 0 -0.05585707492 0.259027804 -0 0
-1.5 -4.5 -3.5 0.07021541607 -0 0 -0.2481440877 0.09295121195 -0 0
-0.5 -4.5 -3.5 0.07021541607 -0 0 -0.2481440877 0.09295121195 -0 0
0.5 -4.5 -3.5 0.07021541607 -0 0 -0.2481440877 0.09295121195 -0 0
1.5 -4.5 -3.5 0.07021541607 -0 0 -0.2481440877 0.09295121195 -0 0
-2.5 -3.5 -3.5 0.07021541607 -0 0 -0.2481440877 0.09295121195 -0 0
-1.5 -3.5 -3.5 0.07021541607 -0 0 -0.2481440877 0.09295121195 -0 0
-0.5 -3.5 -3.5 0.07021541607 -0 0 -0.2481440877 0.09295121195 -0 0
0.5 -3.5 -3.5 0.07021541607 -0 0 -0.2481440877 0.09295121195 -0 0
1.5 -3.5 -3.5 0.07021541607 -0 0 -0.2481440877 0.09295121195 -0 0
2.5 -3.5 -3.5 0.07021541607 -0 0 -0.2481440877 0.09295121195 -0 0
-3.5 -2.5 -3.5 0.07021541607 -0 0 -0.2481440877 0.09295121195 -0 0
-2.5 -2.5 -3.5 0.07021541607 -0 0 -0.2481440877 0.09295121195 -0 0
-1.5 -2.5 -3.5 0.07021541607 -0 0 -0.2481440877 0.09295121195 -0 0
-0.5 -2.5 -3.5 0.07021541607 -0 0 -0.2481440877 0.09295121195 -0 0
0.5 -2.5 -3.5 0.07021541607 -0 0 -0.2481440877 0.09295121195 -0 0
1.5 -2.5 -3.5 0.07021541607 -0 0 -0.2481440877 0.09295121195 -0 0
2.5 -2.5 -3.5 0.07021541607 -0 0 -0.2481440877 0.09295121195 -0 0
3.5 -2.5 -3.5 0.07021541607 -0 0 -0.2481440877 0.09295121195 -0 0
-4.5 -1.5 -3.5 0.07021541607 -0 0 -0.2481440877 0.09295121195 -0 0
-3.5 -1.5 -3.5 0.07021541607 -0 0 -0.2481440877 0.09295121195 -0 0
-2.5 -1.5 -3.5 0.07021541607 -0 0 -0.2481440877 0.09295121195 -0 0
-1.5 -1.5 -3.5 0.07021541607 -0 0 -0.2481440877 0.09295121195 -0 0
-0.5 -1.5 -3.5 0.07021541607 -0 0 -0.2481440877 0.09295121195 -0 0
0.5 -1.5 -3.5 0.07021541607 -0 0 -0.2481440877 0.09295121195 -0 0
1.5 -1.5 -3.5 0.07021541607 -0 0 -0.2481440877 0.09295121195 -0 0
2.5 -1.5 -3.5 0.07021541607 -0 0 -0.2481440877 0.09295121195 -0 0
3.5 -1.5 -3.5 0.07021541607 -0 0 -0.2481440877 0.09295121195 -0 0
4.5 -1.5 -3.5 0.07021541607 -0 0 -0.2481440877 0.09295121195 -0 0
-4.5 -0.5 -3.5 0.07021541607 -0 0 -0.2481440877 0.09295121195 -0 0
-3.5 -0.5 -3.5 0.07021541607 -0 0 -0.2481440877 0.09295121195 -0 0
-2.5 -0.5 -3.5 0.07021541607 -0 0 -0.2481440877 0.09295121195 -0 0
-1.5 -0.5 -3.5 0.07021541607 -0 0 -0.2481440877 0.09295121195 -0 0
-0.5 -0.5 -3.5 0.07021541607 -0 0 -0.2481440877 0.09295121195 -0 0
0.5 -0.5 -3.5 0.07021541607 -0 0 -0.2481440877 0.09295121195 -0 0
1.5 -0.5 -3.5 0.07021541607 -0 0 -0.2481440877 0.09295121195 -0 0
2.5 -0.5 -3.5 0.07021541607 -0 0 -0.2481440877 0.09295121195 -0 0
3.5 -0.5 -3.5 0.07021541607 -0 0 -0.2481440877 0.09295121195 -0 0
4.5 -0.5 -3.5 0.07021541607 -0 0 -0.2481440877 0.09295121195 -0 0
-4.5 0.5 -3.5 0.07021541607 -0 0 -0.2481440877 0.09295121195 -0 0
-3.5 0.5 -3.5 0.07021541607 -0 0 -0.2481440877 0.09295121195 -0 0
-2.5 0.5 -3.5 0.07021541607 -0 0 -0.2481440877 0.09295121195 -0 0
-1.5 0.5 -3.5 0.07021541607 -0 0 -0.2481440877 0.09295121195 -0 0
-0.5 0.5 -3.5 0.07021541607 -0 0 -0.2481440877 0.09295121195 -0 0
0.5 0.5 -3.5 0.07021541607 -0 0 -0.2481440877 0.09295121195 -0 0
1.5 0.5 -3.5 0.07021541607 -0 0 -0.2481440877 0.09295121195 -0 0
2.5 0.5 -3.5 0.07021541607 -0 0 -0.2481440877 0.09295121195 -0 0
3.5 0.5 -3.5 0.07021541607 -0 0 -0.2481440877 0.09295121195 -0 0
4.5 0.5 -3.5 0.07021541607 -0 0 -0.2481440877 0.09295121195 -0 0
-4.5 1.5 -3.5 0.07021541607 -0 0 -0.2481440877 0.09295121195 -0 0
-3.5 1.5 -3.5 0.07021541607 -0 0 -0.2481440877 0.09295121195 -0 0
-2.5 1.5 -3.5 0.07021541607 -0 0 -0.2481440877 0.09295121195 -0 0
-1.5 1.5 -3.5 0.07021541607 -0 0 -0.2481440877 0.09295121195 -0 0
-0.5 1.5 -3.5 0.07021541607 -0 0 -0.2481440877 0.09295121195 -0 0
0.5 1.5 -3.5 0.07021541607 -0 0 -0.2481440877 0.09295121195 -0 0
1.5 1.5 -3.5 0.07021541607 -0 0 -0.2481440877 0.09295121195 -0 0
2.5 1.5 -3.5 0.07021541607 -0 0 -0.2481440877 0.09295121195 -0 0
3.5 1.5 -3.5 0.07021541607 -0 0 -0.2481440877 0.09295121195 -0 0
4.5 1.5 -3.5 0.07021541607 -0 0 -0.2481440877 0.09295121195 -0 0
-3.5 2.5 -3.5 0.07021541607 -0 0 -0.2481440877 0.09295121195 -0 0
-2.5 2.5 -3.5 0.07021541607 -0 0 -0.2481440877 0.09295121195 -0 0
-1.5 2.5 -3.5 0.07021541607 -0 0 -0.2481440877 0.09295121195 -0 0
-0.5 2.5 -3.5 0.07021541607 -0 0 -0.2481440877 0.09295121195 -0 0
0.5 2.5 -3.5 0.07021541607 -0 0 -0.2481440877 0.09295121195 -0 0
1.5 2.5 -3.5 0.07021541607 -0 0 -0.2481440877 0.09295121195 -0 0
2.5 2.5 -3.5 0.07021541607 -0 0 -0.2481440877 0.09295121195 -0 0
3.5 2.5 -3.5 0.07021541607 -0 0 -0.2481440877 0.09295121195 -0 0
-2.5 3.5 -3.5 0.07021541607 -0 0 -0.2481440877 0.09295121195 -0 0
-1.5 3.5 -3.5 0.07021541607 -0 0 -0.2481440877 0.09295121195 -0 0
-0.5 3.5 -3.5 0.07021541607 -0 0 -0.2481440877 0.09295121195 -0 0
0.5 3.5 -3.5 0.07021541607 -0 0 -0.2481440877 0.09295121195 -0 0
1.5 3.5 -3.5 0.07021541607 -0 0 -0.2481440877 0.09295121195 -0 0
2.5 3.5 -3.5 0.07021541607 -0 0 -0.2481440877 0.09295121195 -0 0
-1.5 4.5 -3.5 0.07021541607 -0 0 -0.2481440877 0.09295121195 -0 0
-0.5 4.5 -3.5 0.07021541607 -0 0 -0.2481440877 0.09295121195 -0 0
0.5 4.5 -3.5 0.07021541607 -0 0 -0.2481440877 0.09295121195 -0 0
1.5 4.5 -3.5 0.07021541607 -0 0 -0.2481440877 0.09295121195 -0 0
-2.5 -4.5 -2.5 0.07021541607 0 -0 -0.2122885706 -0.1585842957 0 -0
-1.5 -4.5 -2.5 0.07021541607 0 -0 -0.2122885706 -0.1585842957 0 -0
-0.5 -4.5 -2.5 0.07021541607 0 -0 -0.2122885706 -0.1585842957 0 -0
0.5 -4.5 -2.5 0.07021541607 0 -0 -0.2122885706 -0.1585842957 0 -0
1.5 -4.5 -2.5 0.07021541607 0 -0 -0.2122885706 -0.1585842957 0 -0
2.5 -4.5 -2.5 0.07021541607 0 -0 -0.2122885706 -0.1585842957 0 -0
-3.5 -3.5 -2.5 0.07021541607 0 -0 -0.2122885706 -0.1585842957 0 -0
-2.5 -3.5 -2.5 0.07021541607 0 -0 -0.2122885706 -0.1585842957 0 -0
-1.5 -3.5 -2.5 0.07021541607 0 -0 -0.2122885706 -0.1585842957 0 -0
-0.5 -3.5 -2.5 0.07021541607 0 -0 -0.2122885706 -0.1585842957 0 -0
0.5 -3.5 -2.5 0.07021541607 0 -0 -0.2122885706 -0.1585842957 0 -0
1.5 -3.5 -2.5 0.07021541607 0 -0 -0.2122885706 -0.1585842957 0 -0
2.5 -3.5 -2.5 0.07021541607 0 -0 -0.2122885706 -0.1585842957 0 -0
3.5 -3.5 -2.5 0.07021541607 0 -0 -0.2122885706 -0.1585842957 0 -0
-4.5 -2.5 -2.5 0.07021541607 0 -0 -0.2122885706 -0.1585842957 0 -0
-3.5 -2.5 -2.5 0.07021541607 0 -0 -0.2122885706 -0.1585842957 0 -0
-2.5 -2.5 -2.5 0.07021541607 0 -0 -0.2122885706 -0.1585842957 0 -0
-1.5 -2.5 -2.5 0.07021541607 0 -0 -0.2122885706 -0.1585842957 0 -0
-0.5 -2.5 -2.5 0.07021541607 0 -0 -0.2122885706 -0.1585842957 0 -0
0.5 -2.5 -2.5 0.07021541607 0 -0 -0.2122885706 -0.1585842957 0 -0
1.5 -2.5 -2.5 0.07021541607 0 -0 -0.2122885706 -0.1585842957 0 -0
2.5 -2.5 -2.5 0.07021541607 0 -0 -0.2122885706 -0.1585842957 0 -0
3.5 -2.5 -2.5 0.07021541607 0 -0 -0.2122885706 -0.1585842957 0 -0
4.5 -2.5 -2.5 0.07021541607 0 -0 -0.2122885706 -0.1585842957 0 -0
-4.5 -1.5 -2.5 0.07021541607 0 -0 -0.2122885706 -0.1585842957 0 -0
-3.5 -1.5 -2.5 0.07021541607 0 -0 -0.2122885706 -0.1585842957 0 -0
-2.5 -1.5 -2.5 0.07021541607 0 -0 -0.2122885706 -0.1585842957 0 -0
-1.5 -1.5 -2.5 0.07021541607 0 -0 -0.2122885706 -0.1585842957 0 -0
-0.5 -1.5 -2.5 0.07021541607 0 -0 -0.2122885706 -0.1585842957 0 -0
0.5 -1.5 -2.5 0.07021541607 0 -0 -0.2122885706 -0.1585842957 0 -0
1.5 -1.5 -2.5 0.07021541607 0 -0 -0.2122885706 -0.1585842957 0 -0
2.5 -1.5 -2.5 0.07021541607 0 -0 -0.2122885706 -0.1585842957 0 -0
3.5 -1.5 -2.5 0.07021541607 0 -0 -0.2122885706 -0.1585842957 0 -0
4.5 -1.5 -2.5 0.07021541607 0 -0 -0.2122885706 -0.1585842957 0 -0
-4.5 -0.5 -2.5 0.07021541607 0 -0 -0.2122885706 -0.1585842957 0 -0
-3.5 -0.5 -2.5 0.07021541607 0 -0 -0.2122885706 -0.1585842957 0 -0
-2.5 -0.5 -2.5 0.07021541607 0 -0 -0.2122885706 -0.1585842957 0 -0
-1.5 -0.5 -2.5 0.07021541607 0 -0 -0.2122885706 -0.1585842957 0 -0
-0.5 -0.5 -2.5 0.07021541607 0 -0 -0.2122885706 -0.1585842957 0 -0
0.5 -0.5 -2.5 0.07021541607 0 -0 -0.2122885706 -0.1585842957 0 -0
1.5 -0.5 -2.5 0.07021541607 0 -0 -0.2122885706 -0.1585842957 0 -0
2.5 -0.5 -2.5 0.07021541607 0 -0 -0.2122885706 -0.1585842957 0 -0
3.5 -0.5 -2.5 0.07021541607 0 -0 -0.2122885706 -0.1585842957 0 -0
4.5 -0.5 -2.5 0.07021541607 0 -0 -0.2122885706 -0.1585842957 0 -0
-4.5 0.5 -2.5 0.07021541607 0 -0 -0.2122885706 -0.1585842957 0 -0
-3.5 0.5 -2.5 0.07021541607 0 -0 -0.2122885706 -0.1585842957 0 -0
-2.5 0.5 -2.5 0.07021541607 0 -0 -0.2122885706 -0.1585842957 0 -0
-1.5 0.5 -2.5 0.07021541607 0 -0 -0.2122885706 -0.1585842957 0 -0
-0.5 0.5 -2.5 0.07021541607 0 -0 -0.2122885706 -0.1585842957 0 -0
0.5 0.5 -2.5 0.07021541607 0 -0 -0.2122885706 -0.1585842957 0 -0
1.5 0.5 -2.5 0.07021541607 0 -0 -0.2122885706 -0.1585842957 0 -0
2.5 0.5 -2.5 0.07021541607 0 -0 -0.2122885706 -0.1585842957 0 -0
3.5 0.5 -2.5 0.07021541607 0 -0 -0.2122885706 -0.1585842957 0 -0
4.5 0.5 -2.5 0.07021541607 0 -0 -0.2122885706 -0.1585842957 0 -0
-4.5 1.5 -2.5 0.07021541607 0 -0 -0.2122885706 -0.1585842957 0 -0
-3.5 1.5 -2.5 0.07021541607 0 -0 -0.2122885706 -0.1585842957 0 -0
-2.5 1.5 -2.5 0.07021541607 0 -0 -0.2122885706 -0.1585842957 0 -0
-1.5 1.5 -2.5 0.07021541607 0 -0 -0.2122885706 -0.1585842957 0 -0
-0.5 1.5 -2.5 0.07021541607 0 -0 -0.2122885706 -0.1585842957 0 -0
0.5 1.5 -2.5 0.07021541607 0 -0 -0.2122885706 -0.1585842957 0 -0
1.5 1.5 -2.5 0.07021541607 0 -0 -0.2122885706 -0.1585842957 0 -0
2.5 1.5 -2.5 0.07021541607 0 -0 -0.2122885706 -0.1585842957 0 -0
3.5 1.5 -2.5 0.07021541607 0 -0 -0.2122885706 -0.1585842957 0 -0
4.5 1.5 -2.5 0.07021541607 0 -0 -0.2122885706 -0.1585842957 0 -0
-4.5 2.5 -2.5 0.07021541607 0 -0 -0.2122885706 -0.1585842957 0 -0
-3.5 2.5 -2.5 0.07021541607 0 -0 -0.2122885706 -0.1585842957 0 -0
-2.5 2.5 -2.5 0.07021541607 0 -0 -0.2122885706 -0.1585842957 0 -0
-1.5 2.5 -2.5 0.07021541607 0 -0 -0.2122885706 -0.1585842957 0 -0
-0.5 2.5 -2.5 0.07021541607 0 -0 -0.2122885706 -0.1585842957 0 -0
0.5 2.5 -2.5 0.07021541607 0 -0 -0.2122885706 -0.1585842957 0 -0
1.5 2.5 -2.5 0.07021541607 0 -0 -0.2122885706 -0.1585842957 0 -0
2.5 2.5 -2.5 0.07021541607 0 -0 -0.2122885706 -0.1585842957 0 -0
3.5 2.5 -2.5 0.07021541607 0 -0 -0.2122885706 -0.1585842957 0 -0
4.5 2.5 -2.5 0.07021541607 0 -0 -0.2122885706 -0.1585842957 0 -0
-3.5 3.5 -2.5 0.07021541607 0 -0 -0.2122885706 -0.1585842957 0 -0
-2.5 3.5 -2.5 0.07021541607 0 -0 -0.2122885706 -0.1585842957 0 -0
-1.5 3.5 -2.5 0.07021541607 0 -0 -0.2122885706 -0.1585842957 0 -0
-0.5 3.5 -2.5 0.07021541607 0 -0 -0.2122885706 -0.1585842957 0 -0
0.5 3.5 -2.5 0.07021541607 0 -0 -0.2122885706 -0.1585842957 0 -0
1.5 3.5 -2.5 0.07021541607 0 -0 -0.2122885706 -0.1585842957 0 -0
2.5 3.5 -2.5 0.07021541607 0 -0 -0.2122885706 -0.1585842957 0 -0
3.5 3.5 -2.5 0.07021541607 0 -0 -0.2122885706 -0.1585842957 0 -0
-2.5 4.5 -2.5 0.07021541607 0 -0 -0.2122885706 -0.1585842957 0 -0
-1.5 4.5 -2.5 0.07021541607 0 -0 -0.2122885706 -0.1585842957 0 -0
-0.5 4.5 -2.5 0.07021541607 0 -0 -0.2122885706 -0.1585842957 0 -0
0.5 4.5 -2.5 0.07021541607 0 -0 -0.2122885706 -0.1585842957 0 -0
1.5 4.5 -2.5 0.07021541607 0 -0 -0.2122885706 -0.1585842957 0 -0
2.5 4.5 -2.5 0.07021541607 0 -0 -0.2122885706 -0.1585842957 0 -0
-1.5 -5.5 -1.5 0.07021541607 0 0 0.01874407927 -0.2643181332 0 0
-0.5 -5.5 -1.5 0.07021541607 0 0 0.01874407927 -0.2643181332 0 0
0.5 -5.5 -1.5 0.07021541607 0 0 0.01874407927 -0.2643181332 0 0
1.5 -5.5 -1.5 0.07021541607 0 0 0.01874407927 -0.2643181332 0 0
-3.5 -4.5 -1.5 0.07021541607 0 0 0.01874407927 -0.2643181332 0 0
-2.5 -4.5 -1.5 0.07021541607 0 0 0.01874407927 -0.2643181332 0 0
-1.5 -4.5 -1.5 0.07021541607 0 0 0.01874407927 -0.2643181332 0 0
-0.5 -4.5 -1.5 0.07021541607 0 0 0.01874407927 -0.2643181332 0 0
0.5 -4.5 -1.5 0.07021541607 0 0 0.01874407927 -0.2643181332 0 0
1.5 -4.5 -1.5 0.07021541607 0 0 0.01874407927 -0.2643181332 0 0
2.5 -4.5 -1.5 0.07021541607 0 0 0.01874407927 -0.2643181332 0 0
3.5 -4.5 -1.5 0.07021541607 0 0 0.01874407927 -0.2643181332 0 0
-4.5 -3.5 -1.5 0.07021541607 0 0 0.01874407927 -0.2643181332 0 0
-3.5 -3.5 -1.5 0.07021541607 0 0 0.01874407927 -0.2643181332 0 0
-2.5 -3.5 -1.5 0.07021541607 0 0 0.01874407927 -0.2643181332 0 0
-1.5 -3.5 -1.5 0.07021541607 0 0 0.01874407927 -0.2643181332 0 0
-0.5 -3.5 -1.5 0.07021541607 0 0 0.01874407927 -0.2643181332 0 0
0.5 -3.5 -1.5 0.07021541607 0 0 0.01874407927 -0.2643181332 0 0
1.5 -3.5 -1.5 0.07021541607 0 0 0.01874407927 -0.2643181332 0 0
2.5 -3.5 -1.5 0.07021541607 0 0 0.01874407927 -0.2643181332 0 0
3.5 -3.5 -1.5 0.07021541607 0 0 0.01874407927 -0.2643181332 0 0
4.5 -3.5 -1.5 0.07021541607 0 0 0.01874407927 -0.2643181332 0 0
-4.5 -2.5 -1.5 0.07021541607 0 0 0.01874407927 -0.2643181332 0 0
-3.5 -2.5 -1.5 0.07021541607 0 0 0.01874407927 -0.2643181332 0 0
-2.5 -2.5 -1.5 0.07021541607 0 0 0.01874407927 -0.2643181332 0 0
-1.5 -2.5 -1.5 0.07021541607 0 0 0.01874407927 -0.2643181332 0 0
-0.5 -2.5 -1.5 0.07021541607 0 0 0.01874407927 -0.2643181332 0 0
0.5 -2.5 -1.5 0.07021541607 0 0 0.01874407927 -0.2643181332 0 0
1.5 -2.5 -1.5 0.07021541607 0 0 0.01874407927 -0.2643181332 0 0
2.5 -2.5 -1.5 0.07021541607 0 0 0.01874407927 -0.2643181332 0 0
3.5 -2.5 -1.5 0.07021541607 0 0 0.01874407927 -0.2643181332 0 0
4.5 -2.5 -1.5 0.07021541607 0 0 0.01874407927 -0.2643181332 0 0
-5.5 -1.5 -1.5 0.07021541607 0 0 0.01874407927 -0.2643181332 0 0
-4.5 -1.5 -1.5 0.07021541607 0 0 0.01874407927 -0.2643181332 0 0
-3.5 -1.5 -1.5 0.07021541607 0 0 0.01874407927 -0.2643181332 0 0
-2.5 -1.5 -1.5 0.07021541607 0 0 0.01874407927 -0.2643181332 0 0
-1.5 -1.5 -1.5 0.07021541607 0 0 0.01874407927 -0.2643181332 0 0
-0.5 -1.5 -1.5 0.07021541607 0 0 0.01874407927 -0.2643181332 0 0
0.5 -1.5 -1.5 0.07021541607 0 0 0.01874407927 -0.2643181332 0 0
1.5 -1.5 -1.5 0.07021541607 0 0 0.01874407927 -0.2643181332 0 0
2.5 -1.5 -1.5 0.07021541607 0 0 0.01874407927 -0.2643181332 0 0
3.5 -1.5 -1.5 0.07021541607 0 0 0.01874407927 -0.2643181332 0 0
4.5 -1.5 -1.5 0.07021541607 0 0 0.01874407927 -0.2643181332 0 0
5.5 -1.5 -1.5 0.07021541607 0 0 0.01874407927 -0.2643181332 0 0
-5.5 -0.5 -1.5 0.07021541607 0 0 0.01874407927 -0.2643181332 0 0
-4.5 -0.5 -1.5 0.07021541607 0 0 0.01874407927 -0.2643181332 0 0
-3.5 -0.5 -1.5 0.07021541607 0 0 0.01874407927 -0.2643181332 0 0
-2.5 -0.5 -1.5 0.07021541607 0 0 0.01874407927 -0.2643181332 0 0
-1.5 -0.5 -1.5 0.07021541607 0 0 0.01874407927 -0.2643181332 0 0
-0.5 -0.5 -1.5 0.07021541607 0 0 0.01874407927 -0.2643181332 0 0
0.5 -0.5 -1.5 0.07021541607 0 0 0.01874407927 -0.2643181332 0 0
1.5 -0.5 -1.5 0.07021541607 0 0 0.01874407927 -0.2643181332 0 0
2.5 -0.5 -1.5 0.07021541607 0 0 0.01874407927 -0.2643181332 0 0
3.5 -0.5 -1.5 0.07021541607 0 0 0.01874407927 -0.2643181332 0 0
4.5 -0.5 -1.5 0.07021541607 0 0 0.01874407927 -0.2643181332 0 0
5.5 -0.5 -1.5 0.07021541607 0 0 0.01874407927 -0.2643181332 0 0
-5.5 0.5 -1.5 0.07021541607 0 0 0.01874407927 -0.2643181332 0 0
-4.5 0.5 -1.5 0.07021541607 0 0 0.01874407927 -0.2643181332 0 0
-3.5 0.5 -1.5 0.07021541607 0 0 0.01874407927 -0.2643181332 0 0
-2.5 0.5 -1.5 0.07021541607 0 0 0.01874407927 -0.2643181332 0 0
-1.5 0.5 -1.5 0.07021541607 0 0 0.01874407927 -0.2643181332 0 0
-0.5 0.5 -1.5 0.07021541607 0 0 0.01874407927 -0.2643181332 0 0
0.5 0.5 -1.5 0.07021541607 0 0 0.01874407927 -0.2643181332 0 0
1.5 0.5 -1.5 0.07021541607 0 0 0.01874407927 -0.2643181332 0 0
2.5 0.5 -1.5 0.07021541607 0 0 0.01874407927 -0.2643181332 0 0
3.5 0.5 -1.5 0.07021541607 0 0 0.01874407927 -0.2643181332 0 0
4.5 0.5 -1.5 0.07021541607 0 0 0.01874407927 -0.2643181332 0 0
5.5 0.5 -1.5 0.07021541607 0 0 0.01874407927 -0.2643181332 0 0
-5.5 1.5 -1.5 0.07021541607 0 0 0.01874407927 -0.2643181332 0 0
-4.5 1.5 -1.5 0.07021541607 0 0 0.01874407927 -0.2643181332 0 0
-3.5 1.5 -1.5 0.07021541607 0 0 0.01874407927 -0.2643181332 0 0
-2.5 1.5 -1.5 0.07021541607 0 0 0.01874407927 -0.2643181332 0 0
-1.5 1.5 -1.5 0.07021541607 0 0 0.01874407927 -0.2643181332 0 0
-0.5 1.5 -1.5 0.07021541607 0 0 0.01874407927 -0.2643181332 0 0
0.5 1.5 -1.5 0.07021541607 0 0 0.01874407927 -0.2643181332 0 0
1.5 1.5 -1.5 0.07021541607 0 0 0.01874407927 -0.2643181332 0 0
2.5 1.5 -1.5 0.07021541607 0 0 0.01874407927 -0.2643181332 0 0
3.5 1.5 -1.5 0.07021541607 0 0 0.01874407927 -0.2643181332 0 0
4.5 1.5 -1.5 0.07021541607 0 0 0.01874407927 -0.2643181332 0 0
5.5 1.5 -1.5 0.07021541607 0 0 0.01874407927 -0.2643181332 0 0
-4.5 2.5 -1.5 0.07021541607 0 0 0.01874407927 -0.2643181332 0 0
-3.5 2.5 -1.5 0.07021541607 0 0 0.01874407927 -0.2643181332 0 0
-2.5 2.5 -1.5 0.07021541607 0 0 0.01874407927 -0.2643181332 0 0
-1.5 2.5 -1.5 0.07021541607 0 0 0.01874407927 -0.2643181332 0 0
-0.5 2.5 -1.5 0.07021541607 0 0 0.01874407927 -0.2643181332 0 0
0.5 2.5 -1.5 0.07021541607 0 0 0.01874407927 -0.2643181332 0 0
1.5 2.5 -1.5 0.07021541607 0 0 0.01874407927 -0.2643181332 0 0
2.5 2.5 -1.5 0.07021541607 0 0 0.01874407927 -0.2643181332 0 0
3.5 2.5 -1.5 0.07021541607 0 0 0.01874407927 -0.2643181332 0 0
4.5 2.5 -1.5 0.07021541607 0 0 0.01874407927 -0.2643181332 0 0
-4.5 3.5 -1.5 0.07021541607 0 0 0.01874407927 -0.2643181332 0 0
-3.5 3.5 -1.5 0.07021541607 0 0 0.01874407927 -0.2643181332 0 0
-2.5 3.5 -1.5 0.07021541607 0 0 0.01874407927 -0.2643181332 0 0
-1.5 3.5 -1.5 0.07021541607 0 0 0.01874407927 -0.2643181332 0 0
-0.5 3.5 -1.5 0.07021541607 0 0 0.01874407927 -0.2643181332 0 0
0.5 3.5 -1.5 0.07021541607 0 0 0.01874407927 -0.2643181332 0 0
1.5 3.5 -1.5 0.07021541607 0 0 0.01874407927 -0.2643181332 0 0
2.5 3.5 -1.5 0.07021541607 0 0 0.01874407927 -0.2643181332 0 0
3.5 3.5 -1.5 0.07021541607 0 0 0.01874407927 -0.2643181332 0 0
4.5 3.5 -1.5 0.07021541607 0 0 0.01874407927 -0.2643181332 0 0
-3.5 4.5 -1.5 0.07021541607 0 0 0.01874407927 -0.2643181332 0 0
-2.5 4.5 -1.5 0.07021541607 0 0 0.01874407927 -0.2643181332 0 0
-1.5 4.5 -1.5 0.07021541607 0 0 0.01874407927 -0.2643181332 0 0
-0.5 4.5 -1.5 0.07021541607 0 0 0.01874407927 -0.2643181332 0 0
0.5 4.5 -1.5 0.07021541607 0 0 0.01874407927 -0.2643181332 0 0
1.5 4.5 -1.5 0.07021541607 0 0 0.01874407927 -0.2643181332 0 0
2.5 4.5 -1.5 0.07021541607 0 0 0.01874407927 -0.2643181332 0 0
3.5 4.5 -1.5 0.07021541607 0 0 0.01874407927 -0.2643181332 0 0
-1.5 5.5 -1.5 0.07021541607 0 0 0.01874407927 -0.2643181332 0 0
-0.5 5.5 -1.5 0.07021541607 0 0 0.01874407927 -0.2643181332 0 0
0.5 5.5 -1.5 0.07021541607 0 0 0.01874407927 -0.2643181332 0 0
1.5 5.5 -1.5 0.07021541607 0 0 0.01874407927 -0.2643181332 0 0
-1.5 -5.5 -0.5 0.07021541607 0 0 0.2325435091 -0.127039098 0 0
-0.5 -5.5 -0.5 0.07021541607 0 0 0.2325435091 -0.127039098 0 0
0.5 -5.5 -0.5 0.07021541607 0 0 0.2325435091 -0.127039098 0 0
1.5 -5.5 -0.5 0.07021541607 0 0 0.2325435091 -0.127039098 0 0
-3.5 -4.5 -0.5 0.07021541607 0 0 0.2325435091 -0.127039098 0 0
-2.5 -4.5 -0.5 0.07021541607 0 0 0.2325435091 -0.127039098 0 0
-1.5 -4.5 -0.5 0.07021541607 0 0 0.2325435091 -0.127039098 0 0
-0.5 -4.5 -0.5 0.07021541607 0 0 0.2325435091 -0.127039098 0 0
0.5 -4.5 -0.5 0.07021541607 0 0 0.2325435091 -0.127039098 0 0
1.5 -4.5 -0.5 0.07021541607 0 0 0.2325435091 -0.127039098 0 0
2.5 -4.5 -0.5 0.07021541607 0 0 0.2325435091 -0.127039098 0 0
3.5 -4.5 -0.5 0.07021541607 0 0 0.2325435091 -0.127039098 0 0
-4.5 -3.5 -0.5 0.07021541607 0 0 0.2325435091 -0.127039098 0 0
-3.5 -3.5 -0.5 0.07021541607 0 0 0.2325435091 -0.127039098 0 0
-2.5 -3.5 -0.5 0.07021541607 0 0 0.2325435091 -0.127039098 0 0
-1.5 -3.5 -0.5 0.07021541607 0 0 0.2325435091 -0.127039098 0 0
-0.5 -3.5 -0.5 0.07021541607 0 0 0.2325435091 -0.127039098 0 0
0.5 -3.5 -0.5 0.07021541607 0 0 0.2325435091 -0.127039098 0 0
1.5 -3.5 -0.5 0.07021541607 0 0 0.2325435091 -0.127039098 0 0
2.5 -3.5 -0.5 0.07021541607 0 0 0.2325435091 -0.127039098 0 0
3.5 -3.5 -0.5 0.07021541607 0 0 0.2325435091 -0.127039098 0 0
4.5 -3.5 -0.5 0.07021541607 0 0 0.2325435091 -0.127039098 0 0
-4.5 -2.5 -0.5 0.07021541607 0 0 0.2325435091 -0.127039098 0 0
-3.5 -2.5 -0.5 0.07021541607 0 0 0.2325435091 -0.127039098 0 0
-2.5 -2.5 -0.5 0.07021541607 0 0 0.2325435091 -0.127039098 0 0
-1.5 -2.5 -0.5 0.07021541607 0 0 0.2325435091 -0.127039098 0 0
-0.5 -2.5 -0.5 0.07021541607 0 0 0.2325435091 -0.127039098 0 0
0.5 -2.5 -0.5 0.07021541607 0 0 0.2325435091 -0.127039098 0 0
1.5 -2.5 -0.5 0.07021541607 0 0 0.2325435091 -0.127039098 0 0
2.5 -2.5 -0.5 0.07021541607 0 0 0.2325435091 -0.127039098 0 0
3.5 -2.5 -0.5 0.07021541607 0 0 0.2325435091 -0.127039098 0 0
4.5 -2.5 -0.5 0.07021541607 0 0 0.2325435091 -0.127039098 0 0
-5.5 -1.5 -0.5 0.07021541607 0 0 0.2325435091 -0.127039098 0 0
-4.5 -1.5 -0.5 0.07021541607 0 0 0.2325435091 -0.127039098 0 0
-3.5 -1.5 -0.5 0.07021541607 0 0 0.2325435091 -0.127039098 0 0
-2.5 -1.5 -0.5 0.07021541607 0 0 0.2325435091 -0.127039098 0 0
-1.5 -1.5 -0.5 0.07021541607 0 0 0.2325435091 -0.127039098 0 0
-0.5 -1.5 -0.5 0.07021541607 0 0 0.2325435091 -0.127039098 0 0
0.5 -1.5 -0.5 0.07021541607 0 0 0.2325435091 -0.127039098 0 0
1.5 -1.5 -0.5 0.07021541607 0 0 0.2325435091 -0.127039098 0 0
2.5 -1.5 -0.5 0.07021541607 0 0 0.2325435091 -0.127039098 0 0
3.5 -1.5 -0.5 0.07021541607 0 0 0.2325435091 -0.127039098 0 0
4.5 -1.5 -0.5 0.07021541607 0 0 0.2325435091 -0.127039098 0 0
5.5 -1.5 -0.5 0.07021541607 0 0 0.2325435091 -0.127039098 0 0
-5.5 -0.5 -0.5 0.07021541607 0 0 0.2325435091 -0.127039098 0 0
-4.5 -0.5 -0.5 0.07021541607 0 0 0.2325435091 -0.127039098 0 0
-3.5 -0.5 -0.5 0.07021541607 0 0 0.2325435091 -0.127039098 0 0
-2.5 -0.5 -0.5 0.07021541607 0 0 0.2325435091 -0.127039098 0 0
-1.5 -0.5 -0.5 0.07021541607 0 0 0.2325435091 -0.127039098 0 0
-0.5 -0.5 -0.5 0.07021541607 0 0 0.2325435091 -0.127039098 0 0
0.5 -0.5 -0.5 0.07021541607 0 0 0.2325435091 -0.127039098 0 0
1.5 -0.5 -0.5 0.07021541607 0 0 0.2325435091 -0.127039098 0 0
2.5 -0.5 -0.5 0.07021541607 0 0 0.2325435091 -0.127039098 0 0
3.5 -0.5 -0.5 0.07021541607 0 0 0.2325435091 -0.127039098 0 0
4.5 -0.5 -0.5 0.07021541607 0 0 0.2325435091 -0.127039098 0 0
5.5 -0.5 -0.5 0.07021541607 0 0 0.2325435091 -0.127039098 0 0
-5.5 0.5 -0.5 0.07021541607 0 0 0.2325435091 -0.127039098 0 0
-4.5 0.5 -0.5 0.07021541607 0 0 0.2325435091 -0.127039098 0 0
-3.5 0.5 -0.5 0.07021541607 0 0 0.2325435091 -0.127039098 0 0
-2.5 0.5 -0.5 0.07021541607 0 0 0.2325435091 -0.127039098 0 0
-1.5 0.5 -0.5 0.07021541607 0 0 0.2325435091 -0.127039098 0 0
-0.5 0.5 -0.5 0.07021541607 0 0 0.2325435091 -0.127039098 0 0
0.5 0.5 -0.5 0.07021541607 0 0 0.2325435091 -0.127039098 0 0
1.5 0.5 -0.5 0.07021541607 0 0 0.2325435091 -0.127039098 0 0
2.5 0.5 -0.5 0.07021541607 0 0 0.2325435091 -0.127039098 0 0
3.5 0.5 -0.5 0.07021541607 0 0 0.2325435091 -0.127039098 0 0
4.5 0.5 -0.5 0.07021541607 0 0 0.2325435091 -0.127039098 0 0
5.5 0.5 -0.5 0.07021541607 0 0 0.2325435091 -0.127039098 0 0
-5.5 1.5 -0.5 0.07021541607 0 0 0.2325435091 -0.127039098 0 0
-4.5 1.5 -0.5 0.07021541607 0 0 0.2325435091 -0.127039098 0 0
-3.5 1.5 -0.5 0.07021541607 0 0 0.2325435091 -0.127039098 0 0
-2.5 1.5 -0.5 0.07021541607 0 0 0.2325435091 -0.127039098 0 0
-1.5 1.5 -0.5 0.07021541607 0 0 0.2325435091 -0.127039098 0 0
-0.5 1.5 -0.5 0.07021541607 0 0 0.2325435091 -0.127039098 0 0
0.5 1.5 -0.5 0.07021541607 0 0 0.2325435091 -0.127039098 0 0
1.5 1.5 -0.5 0.07021541607 0 0 0.2325435091 -0.127039098 0 0
2.5 1.5 -0.5 0.07021541607 0 0 0.2325435091 -0.127039098 0 0
3.5 1.5 -0.5 0.07021541607 0 0 0.2325435091 -0.127039098 0 0
4.5 1.5 -0.5 0.07021541607 0 0 0.2325435091 -0.127039098 0 0
5.5 1.5 -0.5 0.07021541607 0 0 0.2325435091 -0.127039098 0 0
-4.5 2.5 -0.5 0.07021541607 0 0 0.2325435091 -0.127039098 0 0
-3.5 2.5 -0.5 0.07021541607 0 0 0.2325435091 -0.127039098 0 0
-2.5 2.5 -0.5 0.07021541607 0 0 0.2325435091 -0.127039098 0 0
-1.5 2.5 -0.5 0.07021541607 0 0 0.2325435091 -0.127039098 0 0
-0.5 2.5 -0.5 0.07021541607 0 0 0.2325435091 -0.127039098 0 0
0.5 2.5 -0.5 0.07021541607 0 0 0.2325435091 -0.127039098 0 0
1.5 2.5 -0.5 0.07021541607 0 0 0.2325435091 -0.127039098 0 0
2.5 2.5 -0.5 0.07021541607 0 0 0.2325435091 -0.127039098 0 0
3.5 2.5 -0.5 0.07021541607 0 0 0.2325435091 -0.127039098 0 0
4.5 2.5 -0.5 0.07021541607 0 0 0.2325435091 -0.127039098 0 0
-4.5 3.5 -0.5 0.07021541607 0 0 0.2325435091 -0.127039098 0 0
-3.5 3.5 -0.5 0.07021541607 0 0 0.2325435091 -0.127039098 0 0
-2.5 3.5 -0.5 0.07021541607 0 0 0.2325435091 -0.127039098 0 0
-1.5 3.5 -0.5 0.07021541607 0 0 0.2325435091 -0.127039098 0 0
-0.5 3.5 -0.5 0.07021541607 0 0 0.2325435091 -0.127039098 0 0
0.5 3.5 -0.5 0.07021541607 0 0 0.2325435091 -0.127039098 0 0
1.5 3.5 -0.5 0.07021541607 0 0 0.2325435091 -0.127039098 0 0
2.5 3.5 -0.5 0.07021541607 0 0 0.2325435091 -0.127039098 0 0
3.5 3.5 -0.5 0.07021541607 0 0 0.2325435091 -0.127039098 0 0
4.5 3.5 -0.5 0.07021541607 0 0 0.2325435091 -0.127039098 0 0
-3.5 4.5 -0.5 0.07021541607 0 0 0.2325435091 -0.127039098 0 0
-2.5 4.5 -0.5 0.07021541607 0 0 0.2325435091 -0.127039098 0 0
-1.5 4.5 -0.5 0.07021541607 0 0 0.2325435091 -0.127039098 0 0
-0.5 4.5 -0.5 0.07021541607 0 0 0.2325435091 -0.127039098 0 0
0.5 4.5 -0.5 0.07021541607 0 0 0.2325435091 -0.127039098 0 0
1.5 4.5 -0.5 0.07021541607 0 0 0.2325435091 -0.127039098 0 0
2.5 4.5 -0.5 0.07021541607 0 0 0.2325435091 -0.127039098 0 0
3.5 4.5 -0.5 0.07021541607 0 0 0.2325435091 -0.127039098 0 0
-1.5 5.5 -0.5 0.07021541607 0 0 0.2325435091 -0.127039098 0 0
-0.5 5.5 -0.5 0.07021541607 0 0 0.2325435091 -0.127039098 0 0
0.5 5.5 -0.5 0.07021541607 0 0 0.2325435091 -0.127039098 0 0
1.5 5.5 -0.5 0.07021541607 0 0 0.2325435091 -0.127039098 0 0
-1.5 -5.5 0.5 0.07021541607 0 0 0.2325435091 0.127039098 0 0
-0.5 -5.5 0.5 0.07021541607 0 0 0.2325435091 0.127039098 0 0
0.5 -5.5 0.5 0.07021541607 0 0 0.2325435091 0.127039098 0 0
1.5 -5.5 0.5 0.07021541607 0 0 0.2325435091 0.127039098 0 0
-3.5 -4.5 0.5 0.07021541607 0 0 0.2325435091 0.127039098 0 0
-2.5 -4.5 0.5 0.07021541607 0 0 0.2325435091 0.127039098 0 0
-1.5 -4.5 0.5 0.07021541607 0 0 0.2325435091 0.127039098 0 0
-0.5 -4.5 0.5 0.07021541607 0 0 0.2325435091 0.127039098 0 0
0.5 -4.5 0.5 0.07021541607 0 0 0.2325435091 0.127039098 0 0
1.5 -4.5 0.5 0.07021541607 0 0 0.2325435091 0.127039098 0 0
2.5 -4.5 0.5 0.07021541607 0 0 0.2325435091 0.127039098 0 0
3.5 -4.5 0.5 0.07021541607 0 0 0.2325435091 0.127039098 0 0
-4.5 -3.5 0.5 0.07021541607 0 0 0.2325435091 0.127039098 0 0
-3.5 -3.5 0.5 0.07021541607 0 0 0.2325435091 0.127039098 0 0
-2.5 -3.5 0.5 0.07021541607 0 0 0.2325435091 0.127039098 0 0
-1.5 -3.5 0.5 0.07021541607 0 0 0.2325435091 0.127039098 0 0
-0.5 -3.5 0.5 0.07021541607 0 0 0.2325435091 0.127039098 0 0
0.5 -3.5 0.5 0.07021541607 0 0 0.2325435091 0.127039098 0 0
1.5 -3.5 0.5 0.07021541607 0 0 0.2325435091 0.127039098 0 0
2.5 -3.5 0.5 0.07021541607 0 0 0.2325435091 0.127039098 0 0
3.5 -3.5 0.5 0.07021541607 0 0 0.2325435091 0.127039098 0 0
4.5 -3.5 0.5 0.07021541607 0 0 0.2325435091 0.127039098 0 0
-4.5 -2.5 0.5 0.07021541607 0 0 0.2325435091 0.127039098 0 0
-3.5 -2.5 0.5 0.07021541607 0 0 0.2325435091 0.127039098 0 0
-2.5 -2.5 0.5 0.07021541607 0 0 0.2325435091 0.127039098 0 0
-1.5 -2.5 0.5 0.07021541607 0 0 0.2325435091 0.127039098 0 0
-0.5 -2.5 0.5 0.07021541607 0 0 0.2325435091 0.127039098 0 0
0.5 -2.5 0.5 0.07021541607 0 0 0.2325435091 0.127039098 0 0
1.5 -2.5 0.5 0.07021541607 0 0 0.2325435091 0.127039098 0 0
2.5 -2.5 0.5 0.07021541607 0 0 0.2325435091 0.127039098 0 0
3.5 -2.5 0.5 0.07021541607 0 0 0.2325435091 0.127039098 0 0
4.5 -2.5 0.5 0.07021541607 0 0 0.2325435091 0.127039098 0 0
-5.5 -1.5 0.5 0.07021541607 0 0 0.2325435091 0.127039098 0 0
-4.5 -1.5 0.5 0.07021541607 0 0 0.2325435091 0.127039098 0 0
-3.5 -1.5 0.5 0.07021541607 0 0 0.2325435091 0.127039098 0 0
-2.5 -1.5 0.5 0.07021541607 0 0 0.2325435091 0.127039098 0 0
-1.5 -1.5 0.5 0.07021541607 0 0 0.2325435091 0.127039098 0 0
-0.5 -1.5 0.5 0.07021541607 0 0 0.2325435091 0.127039098 0 0
0.5 -1.5 0.5 0.07021541607 0 0 0.2325435091 0.127039098 0 0
1.5 -1.5 0.5 0.07021541607 0 0 0.2325435091 0.127039098 0 0
2.5 -1.5 0.5 0.07021541607 0 0 0.2325435091 0.127039098 0 0
3.5 -1.5 0.5 0.07021541607 0 0 0.2325435091 0.127039098 0 0
4.5 -1.5 0.5 0.07021541607 0 0 0.2325435091 0.127039098 0 0
5.5 -1.5 0.5 0.07021541607 0 0 0.2325435091 0.127039098 0 0
-5.5 -0.5 0.5 0.07021541607 0 0 0.2325435091 0.127039098 0 0
-4.5 -0.5 0.5 0.07021541607 0 0 0.2325435091 0.127039098 0 0
-3.5 -0.5 0.5 0.07021541607 0 0 0.2325435091 0.127039098 0 0
-2.5 -0.5 0.5 0.07021541607 0 0 0.2325435091 0.127039098 0 0
-1.5 -0.5 0.5 0.07021541607 0 0 0.2325435091 0.127039098 0 0
-0.5 -0.5 0.5 0.07021541607 0 0 0.2325435091 0.127039098 0 0
0.5 -0.5 0.5 0.07021541607 0 0 0.2325435091 0.127039098 0 0
1.5 -0.5 0.5 0.07021541607 0 0 0.2325435091 0.127039098 0 0
2.5 -0.5 0.5 0.07021541607 0 0 0.2325435091 0.127039098 0 0
3.5 -0.5 0.5 0.07021541607 0 0 0.2325435091 0.127039098 0 0
4.5 -0.5 0.5 0.07021541607 0 0 0.2325435091 0.127039098 0 0
5.5 -0.5 0.5 0.07021541607 0 0 0.2325435091 0.127039098 0 0
-5.5 0.5 0.5 0.07021541607 0 0 0.2325435091 0.127039098 0 0
-4.5 0.5 0.5 0.07021541607 0 0 0.2325435091 0.127039098 0 0
-3.5 0.5 0.5 0.07021541607 0 0 0.2325435091 0.127039098 0 0
-2.5 0.5 0.5 0.07021541607 0 0 0.2325435091 0.127039098 0 0
-1.5 0.5 0.5 0.07021541607 0 0 0.2325435091 0.127039098 0 0
-0.5 0.5 0.5 0.07021541607 0 0 0.2325435091 0.127039098 0 0
0.5 0.5 0.5 0.07021541607 0 0 0.2325435091 0.127039098 0 0
1.5 0.5 0.5 0.07021541607 0 0 0.2325435091 0.127039098 0 0
2.5 0.5 0.5 0.07021541607 0 0 0.2325435091 0.127039098 0 0
3.5 0.5 0.5 0.07021541607 0 0 0.2325435091 0.127039098 0 0
4.5 0.5 0.5 0.07021541607 0 0 0.2325435091 0.127039098 0 0
5.5 0.5 0.5 0.07021541607 0 0 0.2325435091 0.127039098 0 0
-5.5 1.5 0.5 0.07021541607 0 0 0.2325435091 0.127039098 0 0
-4.5 1.5 0.5 0.07021541607 0 0 0.2325435091 0.127039098 0 0
-3.5 1.5 0.5 0.07021541607 0 0 0.2325435091 0.127039098 0 0
-2.5 1.5 0.5 0.07021541607 0 0 0.2325435091 0.127039098 0 0
-1.5 1.5 0.5 0.07021541607 0 0 0.2325435091 0.127039098 0 0
-0.5 1.5 0.5 0.07021541607 0 0 0.2325435091 0.127039098 0 0
0.5 1.5 0.5 0.07021541607 0 0 0.2325435091 0.127039098 0 0
1.5 1.5 0.5 0.07021541607 0 0 0.2325435091 0.127039098 0 0
2.5 1.5 0.5 0.07021541607 0 0 0.2325435091 0.127039098 0 0
3.5 1.5 0.5 0.07021541607 0 0 0.2325435091 0.127039098 0 0
4.5 1.5 0.5 0.07021541607 0 0 0.2325435091 0.127039098 0 0
5.5 1.5 0.5 0.07021541607 0 0 0.2325435091 0.127039098 0 0
-4.5 2.5 0.5 0.07021541607 0 0 0.2325435091 0.127039098 0 0
-3.5 2.5 0.5 0.07021541607 0 0 0.2325435091 0.127039098 0 0
-2.5 2.5 0.5 0.07021541607 0 0 0.2325435091 0.127039098 0 0
-1.5 2.5 0.5 0.07021541607 0 0 0.2325435091 0.127039098 0 0
-0.5 2.5 0.5 0.07021541607 0 0 0.2325435091 0.127039098 0 0
0.5 2.5 0.5 0.07021541607 0 0 0.2325435091 0.127039098 0 0
1.5 2.5 0.5 0.07021541607 0 0 0.2325435091 0.127039098 0 0
2.5 2.5 0.5 0.07021541607 0 0 0.2325435091 0.127039098 0 0
3.5 2.5 0.5 0.07021541607 0 0 0.2325435091 0.127039098 0 0
4.5 2.5 0.5 0.07021541607 0 0 0.2325435091 0.127039098 0 0
-4.5 3.5 0.5 0.07021541607 0 0 0.2325435091 0.127039098 0 0
-3.5 3.5 0.5 0.07021541607 0 0 0.2325435091 0.127039098 0 0
-2.5 3.5 0.5 0.07021541607 0 0 0.2325435091 0.127039098 0 0
-1.5 3.5 0.5 0.07021541607 0 0 0.2325435091 0.127039098 0 0
-0.5 3.5 0.5 0.07021541607 0 0 0.2325435091 0.127039098 0 0
0.5 3.5 0.5 0.07021541607 0 0 0.2325435091 0.127039098 0 0
1.5 3.5 0.5 0.07021541607 0 0 0.2325435091 0.127039098 0 0
2.5 3.5 0.5 0.07021541607 0 0 0.2325435091 0.127039098 0 0
3.5 3.5 0.5 0.07021541607 0 0 0.2325435091 0.127039098 0 0
4.5 3.5 0.5 0.07021541607 0 0 0.2325435091 0.127039098 0 0
-3.5 4.5 0.5 0.07021541607 0 0 0.2325435091 0.127039098 0 0
-2.5 4.5 0.5 0.07021541607 0 0 0.2325435091 0.127039098 0 0
-1.5 4.5 0.5 0.07021541607 0 0 0.2325435091 0.127039098 0 0
-0.5 4.5 0.5 0.07021541607 0 0 0.2325435091 0.127039098 0 0
0.5 4.5 0.5 0.07021541607 0 0 0.2325435091 0.127039098 0 0
1.5 4.5 0.5 0.07021541607 0 0 0.2325435091 0.127039098 0 0
2.5 4.5 0.5 0.07021541607 0 0 0.2325435091 0.127039098 0 0
3.5 4.5 0.5 0.07021541607 0 0 0.2325435091 0.127039098 0 0
-1.5 5.5 0.5 0.07021541607 0 0 0.2325435091 0.127039098 0 0
-0.5 5.5 0.5 0.07021541607 0 0 0.2325435091 0.127039098 0 0
0.5 5.5 0.5 0.07021541607 0 0 0.2325435091 0.127039098 0 0
1.5 5.5 0.5 0.07021541607 0 0 0.2325435091 0.127039098 0 0
-1.5 -5.5 1.5 0.07021541607 0 0 0.01874407927 0.2643181332 0 0
-0.5 -5.5 1.5 0.07021541607 0 0 0.01874407927 0.2643181332 0 0
0.5 -5.5 1.5 0.07021541607 0 0 0.01874407927 0.2643181332 0 0
1.5 -5.5 1.5 0.07021541607 0 0 0.01874407927 0.2643181332 0 0
-3.5 -4.5 1.5 0.07021541607 0 0 0.01874407927 0.2643181332 0 0
-2.5 -4.5 1.5 0.07021541607 0 0 0.01874407927 0.2643181332 0 0
-1.5 -4.5 1.5 0.07021541607 0 0 0.01874407927 0.2643181332 0 0
-0.5 -4.5 1.5 0.07021541607 0 0 0.01874407927 0.2643181332 0 0
0.5 -4.5 1.5 0.07021541607 0 0 0.01874407927 0.2643181332 0 0
1.5 -4.5 1.5 0.07021541607 0 0 0.01874407927 0.2643181332 0 0
2.5 -4.5 1.5 0.07021541607 0 0 0.01874407927 0.2643181332 0 0
3.5 -4.5 1.5 0.07021541607 0 0 0.01874407927 0.2643181332 0 0
-4.5 -3.5 1.5 0.07021541607 0 0 0.01874407927 0.2643181332 0 0
-3.5 -3.5 1.5 0.07021541607 0 0 0.01874407927 0.2643181332 0 0
-2.5 -3.5 1.5 0.07021541607 0 0 0.01874407927 0.2643181332 0 0
-1.5 -3.5 1.5 0.07021541607 0 0 0.01874407927 0.2643181332 0 0
-0.5 -3.5 1.5 0.07021541607 0 0 0.01874407927 0.2643181332 0 0
0.5 -3.5 1.5 0.07021541607 0 0 0.01874407927 0.2643181332 0 0
1.5 -3.5 1.5 0.07021541607 0 0 0.01874407927 0.2643181332 0 0
2.5 -3.5 1.5 0.07021541607 0 0 0.01874407927 0.2643181332 0 0
3.5 -3.5 1.5 0.07021541607 0 0 0.01874407927 0.2643181332 0 0
4.5 -3.5 1.5 0.07021541607 0 0 0.01874407927 0.2643181332 0 0
-4.5 -2.5 1.5 0.07021541607 0 0 0.01874407927 0.2643181332 0 0
-3.5 -2.5 1.5 0.07021541607 0 0 0.01874407927 0.2643181332 0 0
-2.5 -2.5 1.5 0.07021541607 0 0 0.01874407927 0.2643181332 0 0
-1.5 -2.5 1.5 0.07021541607 0 0 0.01874407927 0.2643181332 0 0
-0.5 -2.5 1.5 0.07021541607 0 0 0.01874407927 0.2643181332 0 0
0.5 -2.5 1.5 0.07021541607 0 0 0.01874407927 0.2643181332 0 0
1.5 -2.5 1.5 0.07021541607 0 0 0.01874407927 0.2643181332 0 0
2.5 -2.5 1.5 0.07021541607 0 0 0.01874407927 0.2643181332 0 0
3.5 -2.5 1.5 0.07021541607 0 0 0.01874407927 0.2643181332 0 0
4.5 -2.5 1.5 0.07021541607 0 0 0.01874407927 0.2643181332 0 0
-5.5 -1.5 1.5 0.07021541607 0 0 0.01874407927 0.2643181332 0 0
-4.5 -1.5 1.5 0.07021541607 0 0 0.01874407927 0.2643181332 0 0
-3.5 -1.5 1.5 0.07021541607 0 0 0.01874407927 0.2643181332 0 0
-2.5 -1.5 1.5 0.07021541607 0 0 0.01874407927 0.2643181332 0 0
-1.5 -1.5 1.5 0.07021541607 0 0 0.01874407927 0.2643181332 0 0
-0.5 -1.5 1.5 0.07021541607 0 0 0.01874407927 0.2643181332 0 0
0.5 -1.5 1.5 0.07021541607 0 0 0.01874407927 0.2643181332 0 0
1.5 -1.5 1.5 0.07021541607 0 0 0.01874407927 0.2643181332 0 0
2.5 -1.5 1.5 0.07021541607 0 0 0.01874407927 0.2643181332 0 0
3.5 -1.5 1.5 0.07021541607 0 0 0.01874407927 0.2643181332 0 0
4.5 -1.5 1.5 0.07021541607 0 0 0.01874407927 0.2643181332 0 0
5.5 -1.5 1.5 0.07021541607 0 0 0.01874407927 0.2643181332 0 0
-5.5 -0.5 1.5 0.07021541607 0 0 0.01874407927 0.2643181332 0 0
-4.5 -0.5 1.5 0.07021541607 0 0 0.01874407927 0.2643181332 0 0
-3.5 -0.5 1.5 0.07021541607 0 0 0.01874407927 0.2643181332 0 0
-2.5 -0.5 1.5 0.07021541607 0 0 0.01874407927 0.2643181332 0 0
-1.5 -0.5 1.5 0.07021541607 0 0 0.01874407927 0.2643181332 0 0
-0.5 -0.5 1.5 0.07021541607 0 0 0.01874407927 0.2643181332 0 0
0.5 -0.5 1.5 0.07021541607 0 0 0.01874407927 0.2643181332 0 0
1.5 -0.5 1.5 0.07021541607 0 0 0.01874407927 0.2643181332 0 0
2.5 -0.5 1.5 0.07021541607 0 0 0.01874407927 0.2643181332 0 0
3.5 -0.5 1.5 0.07021541607 0 0 0.01874407927 0.2643181332 0 0
4.5 -0.5 1.5 0.07021541607 0 0 0.01874407927 0.2643181332 0 0
5.5 -0.5 1.5 0.07021541607 0 0 0.01874407927 0.2643181332 0 0
-5.5 0.5 1.5 0.07021541607 0 0 0.01874407927 0.2643181332 0 0
-4.5 0.5 1.5 0.07021541607 0 0 0.01874407927 0.2643181332 0 0
-3.5 0.5 1.5 0.07021541607 0 0 0.01874407927 0.2643181332 0 0
-2.5 0.5 1.5 0.07021541607 0 0 0.01874407927 0.2643181332 0 0
-1.5 0.5 1.5 0.07021541607 0 0 0.01874407927 0.2643181332 0 0
-0.5 0.5 1.5 0.07021541607 0 0 0.01874407927 0.2643181332 0 0
0.5 0.5 1.5 0.07021541607 0 0 0.01874407927 0.2643181332 0 0
1.5 0.5 1.5 0.07021541607 0 0 0.01874407927 0.2643181332 0 0
2.5 0.5 1.5 0.07021541607 0 0 0.01874407927 0.2643181332 0 0
3.5 0.5 1.5 0.07021541607 0 0 0.01874407927 0.2643181332 0 0
4.5 0.5 1.5 0.07021541607 0 0 0.01874407927 0.2643181332 0 0
5.5 0.5 1.5 0.07021541607 0 0 0.01874407927 0.2643181332 0 0
-5.5 1.5 1.5 0.07021541607 0 0 0.01874407927 0.2643181332 0 0
-4.5 1.5 1.5 0.07021541607 0 0 0.01874407927 0.2643181332 0 0
-3.5 1.5 1.5 0.07021541607 0 0 0.01874407927 0.2643181332 0 0
-2.5 1.5 1.5 0.07021541607 0 0 0.01874407927 0.2643181332 0 0
-1.5 1.5 1.5 0.07021541607 0 0 0.01874407927 0.2643181332 0 0
-0.5 1.5 1.5 0.07021541607 0 0 0.01874407927 0.2643181332 0 0
0.5 1.5 1.5 0.07021541607 0 0 0.01874407927 0.2643181332 0 0
1.5 1.5 1.5 0.07021541607 0 0 0.01874407927 0.2643181332 0 0
2.5 1.5 1.5 0.07021541607 0 0 0.01874407927 0.2643181332 0 0
3.5 1.5 1.5 0.07021541607 0 0 0.01874407927 0.2643181332 0 0
4.5 1.5 1.5 0.07021541607 0 0 0.01874407927 0.2643181332 0 0
5.5 1.5 1.5 0.07021541607 0 0 0.01874407927 0.2643181332 0 0
-4.5 2.5 1.5 0.07021541607 0 0 0.01874407927 0.2643181332 0 0
-3.5 2.5 1.5 0.07021541607 0 0 0.01874407927 0.2643181332 0 0
-2.5 2.5 1.5 0.07021541607 0 0 0.01874407927 0.2643181332 0 0
-1.5 2.5 1.5 0.07021541607 0 0 0.01874407927 0.2643181332 0 0
-0.5 2.5 1.5 0.07021541607 0 0 0.01874407927 0.2643181332 0 0
0.5 2.5 1.5 0.07021541607 0 0 0.01874407927 0.2643181332 0 0
1.5 2.5 1.5 0.07021541607 0 0 0.01874407927 0.2643181332 0 0
2.5 2.5 1.5 0.07021541607 0 0 0.01874407927 0.2643181332 0 0
3.5 2.5 1.5 0.07021541607 0 0 0.01874407927 0.2643181332 0 0
4.5 2.5 1.5 0.07021541607 0 0 0.01874407927 0.2643181332 0 0
-4.5 3.5 1.5 0.07021541607 0 0 0.01874407927 0.2643181332 0 0
-3.5 3.5 1.5 0.07021541607 0 0 0.01874407927 0.2643181332 0 0
-2.5 3.5 1.5 0.07021541607 0 0 0.01874407927 0.2643181332 0 0
-1.5 3.5 1.5 0.07021541607 0 0 0.01874407927 0.2643181332 0 0
-0.5 3.5 1.5 0.07021541607 0 0 0.01874407927 0.2643181332 0 0
0.5 3.5 1.5 0.07021541607 0 0 0.01874407927 0.2643181332 0 0
1.5 3.5 1.5 0.07021541607 0 0 0.01874407927 0.2643181332 0 0
2.5 3.5 1.5 0.07021541607 0 0 0.01874407927 0.2643181332 0 0
3.5 3.5 1.5 0.07021541607 0 0 0.01874407927 0.2643181332 0 0
4.5 3.5 1.5 0.07021541607 0 0 0.01874407927 0.2643181332 0 0
-3.5 4.5 1.5 0.07021541607 0 0 0.01874407927 0.2643181332 0 0
-2.5 4.5 1.5 0.07021541607 0 0 0.01874407927 0.2643181332 0 0
-1.5 4.5 1.5 0.07021541607 0 0 0.01874407927 0.2643181332 0 0
-0.5 4.5 1.5 0.07021541607 0 0 0.01874407927 0.2643181332 0 0
0.5 4.5 1.5 0.07021541607 0 0 0.01874407927 0.2643181332 0 0
1.5 4.5 1.5 0.07021541607 0 0 0.01874407927 0.2643181332 0 0
2.5 4.5 1.5 0.07021541607 0 0 0.01874407927 0.2643181332 0 0
3.5 4.5 1.5 0.07021541607 0 0 0.01874407927 0.2643181332 0 0
-1.5 5.5 1.5 0.07021541607 0 0 0.01874407927 0.2643181332 0 0
-0.5 5.5 1.5 0.07021541607 0 0 0.01874407927 0.2643181332 0 0
0.5 5.5 1.5 0.07021541607 0 0 0.01874407927 0.2643181332 0 0
1.5 5.5 1.5 0.07021541607 0 0 0.01874407927 0.2643181332 0 0
-2.5 -4.5 2.5 0.07021541607 -0 0 -0.2122885706 0.1585842957 -0 0
-1.5 -4.5 2.5 0.07021541607 -0 0 -0.2122885706 0.1585842957 -0 0
-0.5 -4.5 2.5 0.07021541607 -0 0 -0.2122885706 0.1585842957 -0 0
0.5 -4.5 2.5 0.07021541607 -0 0 -0.2122885706 0.1585842957 -0 0
1.5 -4.5 2.5 0.07021541607 -0 0 -0.2122885706 0.1585842957 -0 0
2.5 -4.5 2.5 0.07021541607 -0 0 -0.2122885706 0.1585842957 -0 0
-3.5 -3.5 2.5 0.07021541607 -0 0 -0.2122885706 0.1585842957 -0 0
-2.5 -3.5 2.5 0.07021541607 -0 0 -0.2122885706 0.1585842957 -0 0
-1.5 -3.5 2.5 0.07021541607 -0 0 -0.2122885706 0.1585842957 -0 0
-0.5 -3.5 2.5 0.07021541607 -0 0 -0.2122885706 0.1585842957 -0 0
0.5 -3.5 2.5 0.07021541607 -0 0 -0.2122885706 0.1585842957 -0 0
1.5 -3.5 2.5 0.07021541607 -0 0 -0.2122885706 0.1585842957 -0 0
2.5 -3.5 2.5 0.07021541607 -0 0 -0.2122885706 0.1585842957 -0 0
3.5 -3.5 2.5 0.07021541607 -0 0 -0.2122885706 0.1585842957 -0 0
-4.5 -2.5 2.5 0.07021541607 -0 0 -0.2122885706 0.1585842957 -0 0
-3.5 -2.5 2.5 0.07021541607 -0 0 -0.2122885706 0.1585842957 -0 0
-2.5 -2.5 2.5 0.07021541607 -0 0 -0.2122885706 0.1585842957 -0 0
-1.5 -2.5 2.5 0.07021541607 -0 0 -0.2122885706 0.1585842957 -0 0
-0.5 -2.5 2.5 0.07021541607 -0 0 -0.2122885706 0.1585842957 -0 0
0.5 -2.5 2.5 0.07021541607 -0 0 -0.2122885706 0.1585842957 -0 0
1.5 -2.5 2.5 0.07021541607 -0 0 -0.2122885706 0.1585842957 -0 0
2.5 -2.5 2.5 0.07021541607 -0 0 -0.2122885706 0.1585842957 -0 0
3.5 -2.5 2.5 0.07021541607 -0 0 -0.2122885706 0.1585842957 -0 0
4.5 -2.5 2.5 0.07021541607 -0 0 -0.2122885706 0.1585842957 -0 0
-4.5 -1.5 2.5 0.07021541607 -0 0 -0.2122885706 0.1585842957 -0 0
-3.5 -1.5 2.5 0.07021541607 -0 0 -0.2122885706 0.1585842957 -0 0
-2.5 -1.5 2.5 0.07021541607 -0 0 -0.2122885706 0.1585842957 -0 0
-1.5 -1.5 2.5 0.07021541607 -0 0 -0.2122885706 0.1585842957 -0 0
-0.5 -1.5 2.5 0.07021541607 -0 0 -0.2122885706 0.1585842957 -0 0
0.5 -1.5 2.5 0.07021541607 -0 0 -0.2122885706 0.1585842957 -0 0
1.5 -1.5 2.5 0.07021541607 -0 0 -0.2122885706 0.1585842957 -0 0
2.5 -1.5 2.5 0.07021541607 -0 0 -0.2122885706 0.1585842957 -0 0
3.5 -1.5 2.5 0.07021541607 -0 0 -0.2122885706 0.1585842957 -0 0
4.5 -1.5 2.5 0.07021541607 -0 0 -0.2122885706 0.1585842957 -0 0
-4.5 -0.5 2.5 0.07021541607 -0 0 -0.2122885706 0.1585842957 -0 0
-3.5 -0.5 2.5 0.07021541607 -0 0 -0.2122885706 0.1585842957 -0 0
-2.5 -0.5 2.5 0.07021541607 -0 0 -0.2122885706 0.1585842957 -0 0
-1.5 -0.5 2.5 0.07021541607 -0 0 -0.2122885706 0.1585842957 -0 0
-0.5 -0.5 2.5 0.07021541607 -0 0 -0.2122885706 0.1585842957 -0 0
0.5 -0.5 2.5 0.07021541607 -0 0 -0.2122885706 0.1585842957 -0 0
1.5 -0.5 2.5 0.07021541607 -0 0 -0.2122885706 0.1585842957 -0 0
2.5 -0.5 2.5 0.07021541607 -0 0 -0.2122885706 0.1585842957 -0 0
3.5 -0.5 2.5 0.07021541607 -0 0 -0.2122885706 0.1585842957 -0 0
4.5 -0.5 2.5 0.07021541607 -0 0 -0.2122885706 0.1585842957 -0 0
-4.5 0.5 2.5 0.07021541607 -0 0 -0.2122885706 0.1585842957 -0 0
-3.5 0.5 2.5 0.07021541607 -0 0 -0.2122885706 0.1585842957 -0 0
-2.5 0.5 2.5 0.07021541607 -0 0 -0.2122885706 0.1585842957 -0 0
-1.5 0.5 2.5 0.07021541607 -0 0 -0.2122885706 0.1585842957 -0 0
-0.5 0.5 2.5 0.07021541607 -0 0 -0.2122885706 0.1585842957 -0 0
0.5 0.5 2.5 0.07021541607 -0 0 -0.2122885706 0.1585842957 -0 0
1.5 0.5 2.5 0.07021541607 -0 0 -0.2122885706 0.1585842957 -0 0
2.5 0.5 2.5 0.07021541607 -0 0 -0.2122885706 0.1585842957 -0 0
3.5 0.5 2.5 0.07021541607 -0 0 -0.2122885706 0.1585842957 -0 0
4.5 0.5 2.5 0.07021541607 -0 0 -0.2122885706 0.1585842957 -0 0
-4.5 1.5 2.5 0.07021541607 -0 0 -0.2122885706 0.1585842957 -0 0
-3.5 1.5 2.5 0.07021541607 -0 0 -0.2122885706 0.1585842957 -0 0
-2.5 1.5 2.5 0.07021541607 -0 0 -0.2122885706 0.1585842957 -0 0
-1.5 1.5 2.5 0.07021541607 -0 0 -0.2122885706 0.1585842957 -0 0
-0.5 1.5 2.5 0.07021541607 -0 0 -0.2122885706 0.1585842957 -0 0
0.5 1.5 2.5 0.07021541607 -0 0 -0.2122885706 0.1585842957 -0 0
1.5 1.5 2.5 0.07021541607 -0 0 -0.2122885706 0.1585842957 -0 0
2.5 1.5 2.5 0.07021541607 -0 0 -0.2122885706 0.1585842957 -0 0
3.5 1.5 2.5 0.07021541607 -0 0 -0.2122885706 0.1585842957 -0 0
4.5 1.5 2.5 0.07021541607 -0 0 -0.2122885706 0.1585842957 -0 0
-4.5 2.5 2.5 0.07021541607 -0 0 -0.2122885706 0.1585842957 -0 0
-3.5 2.5 2.5 0.07021541607 -0 0 -0.2122885706 0.1585842957 -0 0
-2.5 2.5 2.5 0.07021541607 -0 0 -0.2122885706 0.1585842957 -0 0
-1.5 2.5 2.5 0.07021541607 -0 0 -0.2122885706 0.1585842957 -0 0
-0.5 2.5 2.5 0.07021541607 -0 0 -0.2122885706 0.1585842957 -0 0
0.5 2.5 2.5 0.07021541607 -0 0 -0.2122885706 0.1585842957 -0 0
1.5 2.5 2.5 0.07021541607 -0 0 -0.2122885706 0.1585842957 -0 0
2.5 2.5 2.5 0.07021541607 -0 0 -0.2122885706 0.1585842957 -0 0
3.5 2.5 2.5 0.07021541607 -0 0 -0.2122885706 0.1585842957 -0 0
4.5 2.5 2.5 0.07021541607 -0 0 -0.2122885706 0.1585842957 -0 0
-3.5 3.5 2.5 0.07021541607 -0 0 -0.2122885706 0.1585842957 -0 0
-2.5 3.5 2.5 0.07021541607 -0 0 -0.2122885706 0.1585842957 -0 0
-1.5 3.5 2.5 0.07021541607 -0 0 -0.2122885706 0.1585842957 -0 0
-0.5 3.5 2.5 0.07021541607 -0 0 -0.2122885706 0.1585842957 -0 0
0.5 3.5 2.5 0.07021541607 -0 0 -0.2122885706 0.1585842957 -0 0
1.5 3.5 2.5 0.07021541607 -0 0 -0.2122885706 0.1585842957 -0 0
2.5 3.5 2.5 0.07021541607 -0 0 -0.2122885706 0.1585842957 -0 0
3.5 3.5 2.5 0.07021541607 -0 0 -0.2122885706 0.1585842957 -0 0
-2.5 4.5 2.5 0.07021541607 -0 0 -0.2122885706 0.1585842957 -0 0
-1.5 4.5 2.5 0.07021541607 -0 0 -0.2122885706 0.1585842957 -0 0
-0.5 4.5 2.5 0.07021541607 -0 0 -0.2122885706 0.1585842957 -0 0
0.5 4.5 2.5 0.07021541607 -0 0 -0.2122885706 0.1585842957 -0 0
1.5 4.5 2.5 0.07021541607 -0 0 -0.2122885706 0.1585842957 -0 0
2.5 4.5 2.5 0.07021541607 -0 0 -0.2122885706 0.1585842957 -0 0
-1.5 -4.5 3.5 0.07021541607 0 -0 -0.2481440877 -0.09295121195 0 -0
-0.5 -4.5 3.5 0.07021541607 0 -0 -0.2481440877 -0.09295121195 0 -0
0.5 -4.5 3.5 0.07021541607 0 -0 -0.2481440877 -0.09295121195 0 -0
1.5 -4.5 3.5 0.07021541607 0 -0 -0.2481440877 -0.09295121195 0 -0
-2.5 -3.5 3.5 0.07021541607 0 -0 -0.2481440877 -0.09295121195 0 -0
-1.5 -3.5 3.5 0.07021541607 0 -0 -0.2481440877 -0.09295121195 0 -0
-0.5 -3.5 3.5 0.07021541607 0 -0 -0.2481440877 -0.09295121195 0 -0
0.5 -3.5 3.5 0.07021541607 0 -0 -0.2481440877 -0.09295121195 0 -0
1.5 -3.5 3.5 0.07021541607 0 -0 -0.2481440877 -0.09295121195 0 -0
2.5 -3.5 3.5 0.07021541607 0 -0 -0.2481440877 -0.09295121195 0 -0
-3.5 -2.5 3.5 0.07021541607 0 -0 -0.2481440877 -0.09295121195 0 -0
-2.5 -2.5 3.5 0.07021541607 0 -0 -0.2481440877 -0.09295121195 0 -0
-1.5 -2.5 3.5 0.07021541607 0 -0 -0.2481440877 -0.09295121195 0 -0
-0.5 -2.5 3.5 0.07021541607 0 -0 -0.2481440877 -0.09295121195 0 -0
0.5 -2.5 3.5 0.07021541607 0 -0 -0.2481440877 -0.09295121195 0 -0
1.5 -2.5 3.5 0.07021541607 0 -0 -0.2481440877 -0.09295121195 0 -0
2.5 -2.5 3.5 0.07021541607 0 -0 -0.2481440877 -0.09295121195 0 -0
3.5 -2.5 3.5 0.07021541607 0 -0 -0.2481440877 -0.09295121195 0 -0
-4.5 -1.5 3.5 0.07021541607 0 -0 -0.2481440877 -0.09295121195 0 -0
-3.5 -1.5 3.5 0.07021541607 0 -0 -0.2481440877 -0.09295121195 0 -0
-2.5 -1.5 3.5 0.07021541607 0 -0 -0.2481440877 -0.09295121195 0 -0
-1.5 -1.5 3.5 0.07021541607 0 -0 -0.2481440877 -0.09295121195 0 -0
-0.5 -1.5 3.5 0.07021541607 0 -0 -0.2481440877 -0.09295121195 0 -0
0.5 -1.5 3.5 0.07021541607 0 -0 -0.2481440877 -0.09295121195 0 -0
1.5 -1.5 3.5 0.07021541607 0 -0 -0.2481440877 -0.09295121195 0 -0
2.5 -1.5 3.5 0.07021541607 0 -0 -0.2481440877 -0.09295121195 0 -0
3.5 -1.5 3.5 0.07021541607 0 -0 -0.2481440877 -0.09295121195 0 -0
4.5 -1.5 3.5 0.07021541607 0 -0 -0.2481440877 -0.09295121195 0 -0
-4.5 -0.5 3.5 0.07021541607 0 -0 -0.2481440877 -0.09295121195 0 -0
-3.5 -0.5 3.5 0.07021541607 0 -0 -0.2481440877 -0.09295121195 0 -0
-2.5 -0.5 3.5 0.07021541607 0 -0 -0.2481440877 -0.09295121195 0 -0
-1.5 -0.5 3.5 0.07021541607 0 -0 -0.2481440877 -0.09295121195 0 -0
-0.5 -0.5 3.5 0.07021541607 0 -0 -0.2481440877 -0.09295121195 0 -0
0.5 -0.5 3.5 0.07021541607 0 -0 -0.2481440877 -0.09295121195 0 -0
1.5 -0.5 3.5 0.07021541607 0 -0 -0.2481440877 -0.09295121195 0 -0
2.5 -0.5 3.5 0.07021541607 0 -0 -0.2481440877 -0.09295121195 0 -0
3.5 -0.5 3.5 0.07021541607 0 -0 -0.2481440877 -0.09295121195 0 -0
4.5 -0.5 3.5 0.07021541607 0 -0 -0.2481440877 -0.09295121195 0 -0
-4.5 0.5 3.5 0.07021541607 0 -0 -0.2481440877 -0.09295121195 0 -0
-3.5 0.5 3.5 0.07021541607 0 -0 -0.2481440877 -0.09295121195 0 -0
-2.5 0.5 3.5 0.07021541607 0 -0 -0.2481440877 -0.09295121195 0 -0
-1.5 0.5 3.5 0.07021541607 0 -0 -0.2481440877 -0.09295121195 0 -0
-0.5 0.5 3.5 0.07021541607 0 -0 -0.2481440877 -0.09295121195 0 -0
0.5 0.5 3.5 0.07021541607 0 -0 -0.2481440877 -0.09295121195 0 -0
1.5 0.5 3.5 0.07021541607 0 -0 -0.2481440877 -0.09295121195 0 -0
2.5 0.5 3.5 0.07021541607 0 -0 -0.2481440877 -0.09295121195 0 -0
3.5 0.5 3.5 0.07021541607 0 -0 -0.2481440877 -0.09295121195 0 -0
4.5 0.5 3.5 0.07021541607 0 -0 -0.2481440877 -0.09295121195 0 -0
-4.5 1.5 3.5 0.07021541607 0 -0 -0.2481440877 -0.09295121195 0 -0
-3.5 1.5 3.5 0.07021541607 0 -0 -0.2481440877 -0.09295121195 0 -0
-2.5 1.5 3.5 0.07021541607 0 -0 -0.2481440877 -0.09295121195 0 -0
-1.5 1.5 3.5 0.07021541607 0 -0 -0.2481440877 -0.09295121195 0 -0
-0.5 1.5 3.5 0.07021541607 0 -0 -0.2481440877 -0.09295121195 0 -0
0.5 1.5 3.5 0.07021541607 0 -0 -0.2481440877 -0.09295121195 0 -0
1.5 1.5 3.5 0.07021541607 0 -0 -0.2481440877 -0.09295121195 0 -0
2.5 1.5 3.5 0.07021541607 0 -0 -0.2481440877 -0.09295121195 0 -0
3.5 1.5 3.5 0.07021541607 0 -0 -0.2481440877 -0.09295121195 0 -0
4.5 1.5 3.5 0.07021541607 0 -0 -0.2481440877 -0.09295121195 0 -0
-3.5 2.5 3.5 0.07021541607 0 -0 -0.2481440877 -0.09295121195 0 -0
-2.5 2.5 3.5 0.07021541607 0 -0 -0.2481440877 -0.09295121195 0 -0
-1.5 2.5 3.5 0.07021541607 0 -0 -0.2481440877 -0.09295121195 0 -0
-0.5 2.5 3.5 0.07021541607 0 -0 -0.2481440877 -0.09295121195 0 -0
0.5 2.5 3.5 0.07021541607 0 -0 -0.2481440877 -0.09295121195 0 -0
1.5 2.5 3.5 0.07021541607 0 -0 -0.2481440877 -0.09295121195 0 -0
2.5 2.5 3.5 0.07021541607 0 -0 -0.2481440877 -0.09295121195 0 -0
3.5 2.5 3.5 0.07021541607 0 -0 -0.2481440877 -0.09295121195 0 -0
-2.5 3.5 3.5 0.07021541607 0 -0 -0.2481440877 -0.09295121195 0 -0
-1.5 3.5 3.5 0.07021541607 0 -0 -0.2481440877 -0.09295121195 0 -0
-0.5 3.5 3.5 0.07021541607 0 -0 -0.2481440877 -0.09295121195 0 -0
0.5 3.5 3.5 0.07021541607 0 -0 -0.2481440877 -0.09295121195 0 -0
1.5 3.5 3.5 0.07021541607 0 -0 -0.2481440877 -0.09295121195 0 -0
2.5 3.5 3.5 0.07021541607 0 -0 -0.2481440877 -0.09295121195 0 -0
-1.5 4.5 3.5 0.07021541607 0 -0 -0.2481440877 -0.09295121195 0 -0
-0.5 4.5 3.5 0.07021541607 0 -0 -0.2481440877 -0.09295121195 0 -0
0.5 4.5 3.5 0.07021541607 0 -0 -0.2481440877 -0.09295121195 0 -0
1.5 4.5 3.5 0.07021541607 0 -0 -0.2481440877 -0.09295121195 0 -0
-1.5 -3.5 4.5 0.07021541607 0 -0 -0.05585707492 -0.259027804 0 -0
-0.5 -3.5 4.5 0.07021541607 0 -0 -0.05585707492 -0.259027804 0 -0
0.5 -3.5 4.5 0.07021541607 0 -0 -0.05585707492 -0.259027804 0 -0
1.5 -3.5 4.5 0.07021541607 0 -0 -0.05585707492 -0.259027804 0 -0
-2.5 -2.5 4.5 0.07021541607 0 -0 -0.05585707492 -0.259027804 0 -0
-1.5 -2.5 4.5 0.07021541607 0 -0 -0.05585707492 -0.259027804 0 -0
-0.5 -2.5 4.5 0.07021541607 0 -0 -0.05585707492 -0.259027804 0 -0
0.5 -2.5 4.5 0.07021541607 0 -0 -0.05585707492 -0.259027804 0 -0
1.5 -2.5 4.5 0.07021541607 0 -0 -0.05585707492 -0.259027804 0 -0
2.5 -2.5 4.5 0.07021541607 0 -0 -0.05585707492 -0.259027804 0 -0
-3.5 -1.5 4.5 0.07021541607 0 -0 -0.05585707492 -0.259027804 0 -0
-2.5 -1.5 4.5 0.07021541607 0 -0 -0.05585707492 -0.259027804 0 -0
-1.5 -1.5 4.5 0.07021541607 0 -0 -0.05585707492 -0.259027804 0 -0
-0.5 -1.5 4.5 0.07021541607 0 -0 -0.05585707492 -0.259027804 0 -0
0.5 -1.5 4.5 0.07021541607 0 -0 -0.05585707492 -0.259027804 0 -0
1.5 -1.5 4.5 0.07021541607 0 -0 -0.05585707492 -0.259027804 0 -0
2.5 -1.5 4.5 0.07021541607 0 -0 -0.05585707492 -0.259027804 0 -0
3.5 -1.5 4.5 0.07021541607 0 -0 -0.05585707492 -0.259027804 0 -0
-3.5 -0.5 4.5 0.07021541607 0 -0 -0.05585707492 -0.259027804 0 -0
-2.5 -0.5 4.5 0.07021541607 0 -0 -0.05585707492 -0.259027804 0 -0
-1.5 -0.5 4.5 0.07021541607 0 -0 -0.05585707492 -0.259027804 0 -0
-0.5 -0.5 4.5 0.07021541607 0 -0 -0.05585707492 -0.259027804 0 -0
0.5 -0.5 4.5 0.07021541607 0 -0 -0.05585707492 -0.259027804 0 -0
1.5 -0.5 4.5 0.07021541607 0 -0 -0.05585707492 -0.259027804 0 -0
2.5 -0.5 4.5 0.07021541607 0 -0 -0.05585707492 -0.259027804 0 -0
3.5 -0.5 4.5 0.07021541607 0 -0 -0.05585707492 -0.259027804 0 -0
-3.5 0.5 4.5 0.07021541607 0 -0 -0.05585707492 -0.259027804 0 -0
-2.5 0.5 4.5 0.07021541607 0 -0 -0.05585707492 -0.259027804 0 -0
-1.5 0.5 4.5 0.07021541607 0 -0 -0.05585707492 -0.259027804 0 -0
-0.5 0.5 4.5 0.07021541607 0 -0 -0.05585707492 -0.259027804 0 -0
0.5 0.5 4.5 0.07021541607 0 -0 -0.05585707492 -0.259027804 0 -0
1.5 0.5 4.5 0.07021541607 0 -0 -0.05585707492 -0.259027804 0 -0
2.5 0.5 4.5 0.07021541607 0 -0 -0.05585707492 -0.259027804 0 -0
3.5 0.5 4.5 0.07021541607 0 -0 -0.05585707492 -0.259027804 0 -0
-3.5 1.5 4.5 0.07021541607 0 -0 -0.05585707492 -0.259027804 0 -0
-2.5 1.5 4.5 0.07021541607 0 -0 -0.05585707492 -0.259027804 0 -0
-1.5 1.5 4.5 0.07021541607 0 -0 -0.05585707492 -0.259027804 0 -0
-0.5 1.5 4.5 0.07021541607 0 -0 -0.05585707492 -0.259027804 0 -0
0.5 1.5 4.5 0.07021541607 0 -0 -0.05585707492 -0.259027804 0 -0
1.5 1.5 4.5 0.07021541607 0 -0 -0.05585707492 -0.259027804 0 -0
2.5 1.5 4.5 0.07021541607 0 -0 -0.05585707492 -0.259027804 0 -0
3.5 1.5 4.5 0.07021541607 0 -0 -0.05585707492 -0.259027804 0 -0
-2.5 2.5 4.5 0.07021541607 0 -0 -0.05585707492 -0.259027804 0 -0
-1.5 2.5 4.5 0.07021541607 0 -0 -0.05585707492 -0.259027804 0 -0
-0.5 2.5 4.5 0.07021541607 0 -0 -0.05585707492 -0.259027804 0 -0
0.5 2.5 4.5 0.07021541607 0 -0 -0.05585707492 -0.259027804 0 -0
1.5 2.5 4.5 0.07021541607 0 -0 -0.05585707492 -0.259027804 0 -0
2.5 2.5 4.5 0.07021541607 0 -0 -0.05585707492 -0.259027804 0 -0
-1.5 3.5 4.5 0.07021541607 0 -0 -0.05585707492 -0.259027804 0 -0
-0.5 3.5 4.5 0.07021541607 0 -0 -0.05585707492 -0.259027804 0 -0
0.5 3.5 4.5 0.07021541607 0 -0 -0.05585707492 -0.259027804 0 -0
1.5 3.5 4.5 0.07021541607 0 -0 -0.05585707492 -0.259027804 0 -0
-1.5 -1.5 5.5 0.07021541607 0 0 0.187784675 -0.1869554276 0 0
-0.5 -1.5 5.5 0.07021541607 0 0 0.187784675 -0.1869554276 0 0
0.5 -1.5 5.5 0.07021541607 0 0 0.187784675 -0.1869554276 0 0
1.5 -1.5 5.5 0.07021541607 0 0 0.187784675 -0.1869554276 0 0
-1.5 -0.5 5.5 0.07021541607 0 0 0.187784675 -0.1869554276 0 0
-0.5 -0.5 5.5 0.07021541607 0 0 0.187784675 -0.1869554276 0 0
0.5 -0.5 5.5 0.07021541607 0 0 0.187784675 -0.1869554276 0 0
1.5 -0.5 5.5 0.07021541607 0 0 0.187784675 -0.1869554276 0 0
-1.5 0.5 5.5 0.07021541607 0 0 0.187784675 -0.1869554276 0 0
-0.5 0.5 5.5 0.07021541607 0 0 0.187784675 -0.1869554276 0 0
0.5 0.5 5.5 0.07021541607 0 0 0.187784675 -0.1869554276 0 0
1.5 0.5 5.5 0.07021541607 0 0 0.187784675 -0.1869554276 0 0
-1.5 1.5 5.5 0.07021541607 0 0 0.187784675 -0.1869554276 0 0
-0.5 1.5 5.5 0.07021541607 0 0 0.187784675 -0.1869554276 0 0
0.5 1.5 5.5 0.07021541607 0 0 0.187784675 -0.1869554276 0 0
1.5 1.5 5.5 0.07021541607 0 0 0.187784675 -0.1869554276 0 0
