theta s11 s12 s13 s14 s21 s22 s23 s24 s31 s32 s33 s34 s41 s42 s43 s44
0.00 1.2565445601E+03 0.0000000000E+00 0.0000000000E+00 -3.5725283153E-07 0.0000000000E+00 1.2565445601E+03 -3.6336878996E-07 0.0000000000E+00 0.0000000000E+00 3.6336878996E-07 1.2565445601E+03 0.0000000000E+00 -3.5725283153E-07 0.0000000000E+00 0.0000000000E+00 1.2565445601E+03
1.00 1.2519864674E+03 9.7457666649E-02 1.9582693581E-07 -5.6011002108E-07 9.7457666649E-02 1.2519864674E+03 -4.6754008438E-07 3.1906951519E-07 1.9589883635E-07 4.6757555648E-07 1.2519864611E+03 -7.9361036624E-02 -5.6012244339E-07 -3.1908347840E-07 7.9361036624E-02 1.2519864611E+03
2.00 1.2384014945E+03 3.8624837671E-01 3.8764942113E-07 -7.6009891211E-07 3.8624837671E-01 1.2384014945E+03 -5.6749257448E-07 6.3522405782E-07 3.8802034762E-07 5.6777557111E-07 1.2384013940E+03 -3.1587005736E-01 -7.6019812603E-07 -6.3531636030E-07 3.1587005736E-01 1.2384013940E+03
3.00 1.2160550855E+03 8.5574087272E-01 5.7158147324E-07 -9.5526926858E-07 8.5574087272E-01 1.2160550855E+03 -6.6094410199E-07 9.4556946076E-07 5.7260068839E-07 6.6189482147E-07 1.2160545801E+03 -7.0482760745E-01 -9.5560318486E-07 -9.4585844373E-07 7.0482760745E-01 1.2160545801E+03
4.00 1.1853814880E+03 1.4886022248E+00 7.4387740669E-07 -1.1437184107E-06 1.4886022248E+00 1.1853814880E+03 -7.4571631809E-07 1.2472688110E-06 7.4601065269E-07 7.4795530893E-07 1.1853799064E+03 -1.2384857589E+00 -1.1445068267E-06 -1.2479252947E-06 1.2384857589E+00 1.1853799064E+03
5.00 1.1469717995E+03 2.2613650187E+00 9.0099903976E-07 -1.3236115803E-06 2.2613650187E+00 1.1469717995E+03 -8.1977547026E-07 1.5375706042E-06 9.0482059692E-07 8.2411200500E-07 1.1469679863E+03 -1.9061754775E+00 -1.3251437144E-06 -1.5388157391E-06 1.9061754775E+00 1.1469679863E+03
6.00 1.1015577899E+03 3.1451984720E+00 1.0396790870E-06 -1.4932015447E-06 3.1451984720E+00 1.1015577899E+03 -8.8127035429E-07 1.8138359828E-06 1.0458616162E-06 8.8868706616E-07 1.1015500042E+03 -2.6944859716E+00 -1.4958327827E-06 -1.8159384586E-06 2.6944859716E+00 1.1015500042E+03
7.00 1.0499920358E+03 4.1068609726E+00 1.1569795604E-06 -1.6508474010E-06 4.1068609726E+00 1.0499920358E+03 -9.2856699575E-07 2.0735651167E-06 1.1662818219E-06 9.4020090897E-07 1.0499778754E+03 -3.5874966023E+00 -1.6549952867E-06 -2.0768377530E-06 3.5874966023E+00 1.0499778754E+03
8.00 9.9322501614E+02 5.1098057633E+00 1.2503441995E-06 -1.7950322230E-06 5.1098057633E+00 9.9322501614E+02 -9.6027911271E-07 2.3144223200E-06 1.2635967643E-06 9.7739923900E-07 9.9320137158E+02 -4.5670614946E+00 -1.8011717303E-06 -2.3192180716E-06 4.5670614946E+00 9.9320137158E+02
9.00 9.3227991422E+02 6.1154062717E+00 1.3176439118E-06 -1.9243795143E-06 6.1154062717E+00 9.3227991422E+02 -9.7529390613E-07 2.5342595601E-06 1.3357330121E-06 9.9927562654E-07 9.3224295806E+02 -5.6131461628E+00 -1.9330376433E-06 -2.5409669735E-06 5.6131461628E+00 9.3224295806E+02
10.00 8.6822593864E+02 7.0842630703E+00 1.3572145494E-06 -2.0376680970E-06 7.0842630703E+00 8.6822593864E+02 -9.7279281040E-07 2.7311383325E-06 1.3810642421E-06 1.0050893136E-06 8.6817115090E+02 -6.7042142389E+00 -2.0494178437E-06 -2.7401764992E-06 6.7042142389E+00 8.6817115090E+02
11.00 8.0215100987E+02 7.9775508262E+00 1.3678861490E-06 -2.1338451799E-06 7.9775508262E+00 8.0215100987E+02 -9.5226672962E-07 2.9033497667E-06 1.3984389996E-06 9.9437783544E-07 8.0207324198E+02 -7.8176607927E+00 -2.1492989348E-06 -2.9151628240E-06 7.8176607927E+00 8.0207324198E+02
12.00 7.3513466733E+02 8.7583610517E+00 1.3490031423E-06 -2.2120378455E-06 8.7583610517E+00 7.3513466733E+02 -9.1352575464E-07 3.0494321120E-06 1.3871996704E-06 9.6696450634E-07 7.3502824449E+02 -8.9302868178E+00 -2.2318402789E-06 -3.0644833499E-06 8.9302868178E+00 7.3502824449E+02
13.00 6.6822202682E+02 9.3929951764E+00 1.3004355937E-06 -2.2715623624E-06 9.3929951764E+00 6.6822202682E+02 -8.5670287525E-07 3.1681860611E-06 1.3471927551E-06 9.2296035331E-07 6.6808088752E+02 -1.0018807312E+01 -2.2963828577E-06 -3.1869517049E-06 1.0018807312E+01 6.6808088752E+02
14.00 6.0239956529E+02 9.8521625933E+00 1.2225808147E-06 -2.3119311345E-06 9.8521625933E+00 6.0239956529E+02 -7.8225209809E-07 3.2586875400E-06 1.2787698270E-06 8.6276096961E-07 6.0221743505E+02 -1.1060383136E+01 -2.3424558367E-06 -3.2816502762E-06 1.1060383136E+01 6.0221743505E+02
15.00 5.3857342991E+02 1.0112040017E+01 1.1163554191E-06 -2.3328576066E-06 1.0112040017E+01 5.3857342991E+02 -6.9094099678E-07 3.3202975524E-06 1.1827792780E-06 7.8703837210E-07 5.3834402477E+02 -1.2033164629E+01 -2.3697811584E-06 -3.3479398774E-06 1.2033164629E+01 5.3834402477E+02
16.00 4.7755086593E+02 1.0155151823E+01 9.8317844980E-07 -2.3342588215E-06 1.0155151823E+01 4.7755086593E+02 -5.8383758066E-07 3.3526689203E-06 1.0605495119E-06 6.9672781180E-07 4.7726811948E+02 -1.2916832935E+01 -2.3782758501E-06 -3.3854663995E-06 1.2916832935E+01 4.7726811948E+02
17.00 4.2002523610E+02 9.9710360197E+00 8.2494549807E-07 -2.3162552824E-06 9.9710360197E+00 4.2002523610E+02 -4.6229211624E-07 3.3557502827E-06 9.1386352908E-07 5.9301022954E-07 4.1968354242E+02 -1.3693123344E+01 -2.3680517160E-06 -3.3941648015E-06 1.3693123344E+01 4.1968354242E+02
18.00 3.6656496931E+02 9.5566671080E+00 6.4399427944E-07 -2.2791687146E-06 9.5566671080E+00 3.6656496931E+02 -3.2791435069E-07 3.3297865415E-06 7.4492540754E-07 4.7729083240E-07 3.6615943265E+02 -1.4346313792E+01 -2.3394130026E-06 -3.3742596363E-06 1.4346313792E+01 3.6615943265E+02
19.00 3.1760663220E+02 8.9166151669E+00 4.4306276260E-07 -2.2235171203E-06 8.9166151669E+00 3.1760663220E+02 -1.8254610031E-07 3.2753164030E-06 5.5631977027E-07 3.5117381306E-07 3.1713331325E+02 -1.4863661149E+01 -2.2928514326E-06 -3.3262627608E-06 1.4863661149E+01 3.1713331325E+02
20.00 2.7345217147E+02 8.0629298237E+00 2.2524012108E-07 -2.1500079326E-06 8.0629298237E+00 2.7345217147E+02 -2.8230296926E-08 3.1931662176E-06 3.5096455515E-07 2.1643428668E-07 2.7290831907E+02 -1.5235768169E+01 -2.2290394096E-06 -3.2509674295E-06 1.5235768169E+01 2.7290831907E+02
21.00 2.3427023050E+02 7.0147480656E+00 -6.0881499434E-09 -2.0595285119E-06 7.0147480656E+00 2.3427023050E+02 1.3282351550E-07 3.0844410186E-06 1.3205838769E-07 7.4987480473E-08 2.3365448751E+02 -1.5456865011E+01 -2.1488206478E-06 -3.1494396642E-06 1.5456865011E+01 2.3365448751E+02
22.00 2.0010130898E+02 5.7976356939E+00 -2.4730030912E-07 -1.9531349442E-06 5.7976356939E+00 2.0010130898E+02 2.9827619175E-07 2.9505120362E-06 -9.6976765274E-08 -7.1143840360E-08 1.9941388097E+02 -1.5524991192E+01 -2.0531991768E-06 -3.0230061720E-06 1.5524991192E+01 1.9941388097E+02
23.00 1.7086641149E+02 4.4426831980E+00 -4.9460230564E-07 -1.8320387815E-06 4.4426831980E+00 1.7086641149E+02 4.6569820318E-07 2.7930013243E-06 -3.3255637966E-07 -2.1986341907E-07 1.7010918765E+02 -1.5442066519E+01 -1.9433263697E-06 -2.8732394398E-06 1.5442066519E+01 1.7010918765E+02
24.00 1.4637872603E+02 2.9853874257E+00 -7.4409445082E-07 -1.6975921956E-06 2.9853874257E+00 1.4637872603E+02 6.3261032048E-07 2.6137633545E-06 -5.7099648601E-07 -3.6903636046E-07 1.4555534299E+02 -1.5213843110E+01 -1.8204864532E-06 -2.7019398503E-06 1.5213843110E+01 1.4555534299E+02
25.00 1.2635778897E+02 1.4643601407E+00 -9.9183971605E-07 -1.5512715874E-06 1.4643601407E+00 1.2635778897E+02 7.9652515564E-07 2.4148639360E-06 -8.0857805850E-07 -5.1652425987E-07 1.2547363014E+02 -1.4849734719E+01 -1.6860805557E-06 -2.5111151703E-06 1.4849734719E+01 1.2547363014E+02
26.00 1.1044553181E+02 -8.0087113849E-02 -1.2339324333E-06 -1.3946600897E-06 -8.0087113849E-02 1.1044553181E+02 9.5498874613E-07 2.1985565247E-06 -1.0416114939E-06 -6.6021991030E-07 1.0950765718E+02 -1.4362524274E+01 -1.5416097283E-06 -2.3029574486E-06 1.4362524274E+01 1.0950765718E+02
27.00 9.8223568525E+01 -1.6074259685E+00 -1.4665660166E-06 -1.2294290023E-06 -1.6074259685E+00 9.8223568525E+01 1.1056218102E-06 1.9672563420E-06 -1.2664998940E-06 -7.9808132413E-07 9.7240572799E+01 -1.3767955448E+01 -1.3886569685E-06 -2.0798177582E-06 1.3767955448E+01 9.7240572799E+01
28.00 8.9231071001E+01 -3.0784019207E+00 -1.6860986299E-06 -1.0573184204E-06 -3.0784019207E+00 8.9231071001E+01 1.2461597757E-06 1.7235125413E-06 -1.4798001577E-06 -9.2816432422E-07 8.8212871421E+01 -1.3084219095E+01 -1.2288685138E-06 -1.8441789916E-06 1.3084219095E+01 8.8212871421E+01
29.00 8.2982593641E+01 -4.4564710757E+00 -1.8891156258E-06 -8.8011744123E-07 -4.4564710757E+00 8.2982593641E+01 1.3744909721E-06 1.4699786120E-06 -1.6782807826E-06 -1.0486532724E-06 8.1940152030E+01 -1.2331350222E+01 -1.0639347958E-06 -1.5986268931E-06 1.2331350222E+01 8.1940152030E+01
30.00 7.8985244454E+01 -5.7091223955E+00 -2.0724875490E-06 -6.9964396314E-07 -5.7091223955E+00 7.8985244454E+01 1.4886924233E-06 1.2093815798E-06 -1.8589753041E-06 -1.1578895203E-06 7.7930231948E+01 -1.1530555555E+01 -8.9557105466E-07 -1.3458198894E-06 1.1530555555E+01 7.7930231948E+01
31.00 7.6754657575E+01 -6.8090289072E+00 -2.2334227249E-06 -5.1772439526E-07 -6.8090289072E+00 7.6754657575E+01 1.5870625824E-06 9.4449018841E-07 -2.0192304864E-06 -1.2543971312E-06 7.5699073766E+01 -1.0703495492E+01 -7.2549794015E-07 -1.0884578973E-06 1.0703495492E+01 7.5699073766E+01
32.00 7.5829297055E+01 -7.7349780541E+00 -2.3695135584E-06 -3.3617343163E-07 -7.7349780541E+00 7.5829297055E+01 1.6681503165E-06 6.7808256682E-07 -2.1567485249E-06 -1.3369053430E-06 7.4785058430E+01 -9.8715470917E+00 -5.5542225594E-07 -8.2925059663E-07 9.8715470917E+00 7.4785058430E+01
33.00 7.5782710793E+01 -8.4725406220E+00 -2.4787754954E-06 -1.5677414398E-07 -8.4725406220E+00 7.5782710793E+01 1.7307797977E-06 4.1291361444E-07 -2.2696223073E-06 -1.4043676557E-06 7.4761225914E+01 -9.0550765017E+00 -3.8701807669E-07 -5.7088542570E-07 9.0550765017E+00 7.4761225914E+01
34.00 7.6233452351E+01 -9.0144490515E+00 -2.5596782264E-06 1.8741557429E-08 -9.0144490515E+00 7.6233452351E+01 1.7740706329E-06 1.5168270356E-07 -2.3563634592E-06 -1.4559770036E-06 7.5245203014E+01 -8.2727497919E+00 -2.2190830803E-07 -3.1599588373E-07 8.2727497919E+00 7.5245203014E+01
35.00 7.6852492725E+01 -9.3606689586E+00 -2.6111684018E-06 1.8871176929E-07 -9.3606689586E+00 7.6852492725E+01 1.7974528299E-06 -1.0299808116E-07 -2.4159225360E-06 -1.4911768150E-06 7.5906641240E+01 -7.5409104411E+00 -6.1646997752E-08 -6.7130357081E-08 7.5409104411E+00 7.5906641240E+01
36.00 7.7368049599E+01 -9.5181617124E+00 -2.6326835005E-06 3.5156272595E-07 -9.5181617124E+00 7.7368049599E+01 1.8006763675E-06 -3.4863460797E-07 -2.4477011077E-06 -1.5096678513E-06 7.6472092196E+01 -6.8730496522E+00 9.2297600231E-08 1.7327794079E-07 6.8730496522E+00 7.6472092196E+01
37.00 7.7567863934E+01 -9.5003502828E+00 -2.6241566859E-06 5.0582593847E-07 -9.5003502828E+00 7.7567863934E+01 1.7838149341E-06 -5.8287994651E-07 -2.4515556640E-06 -1.5114105181E-06 7.6727349044E+01 -6.2793923662E+00 2.3855892600E-07 4.0293962321E-07 6.2793923662E+00 7.6727349044E+01
38.00 7.7299048944E+01 -9.3263145436E+00 -2.5860124958E-06 6.5015416264E-07 -9.3263145436E+00 7.7299048944E+01 1.7472638662E-06 -8.0356184687E-07 -2.4277932327E-06 -1.4966227854E-06 7.6517376778E+01 -5.7666173567E+00 3.7588681835E-07 6.1973600474E-07 5.7666173567E+00 7.6517376778E+01
39.00 7.6465721226E+01 -9.0197550855E+00 -2.5191536464E-06 7.8333609605E-07 -9.0197550855E+00 7.6465721226E+01 1.6917320452E-06 -1.0087079034E-06 -2.3771590705E-06 -1.4657734999E-06 7.5744037652E+01 -5.3377243215E+00 5.0316094440E-07 8.2174366027E-07 5.3377243215E+00 7.5744037652E+01
40.00 7.5024695088E+01 -8.6077756674E+00 -2.4249390573E-06 9.0430956652E-07 -8.6077756674E+00 7.5024695088E+01 1.6182280504E-06 -1.1965681743E-06 -2.3008165219E-06 -1.4195714489E-06 7.4361888501E+01 -4.9920546594E+00 6.1940273665E-07 1.0072564292E-06 4.9920546594E+00 7.4361888501E+01
41.00 7.2979576828E+01 -8.1195431307E+00 -2.3051537828E-06 1.0121729865E-06 -8.1195431307E+00 7.2979576828E+01 1.5280405771E-06 -1.3656348517E-06 -2.2003197474E-06 -1.3589501335E-06 7.2372381647E+01 -4.7254659136E+00 7.2378562088E-07 1.1748044888E-06 4.7254659136E+00 7.2372381647E+01
42.00 7.0373634403E+01 -7.5848894232E+00 -2.1619712948E-06 1.1061949385E-06 -7.5848894232E+00 7.0373634403E+01 1.4227136337E-06 -1.5146586888E-06 -2.0775797163E-06 -1.2850487322E-06 6.9816839338E+01 -4.5306529767E+00 8.1564343686E-07 1.3231701913E-06 4.5306529767E+00 6.9816839338E+01
43.00 6.7281839009E+01 -7.0329229997E+00 -1.9979090691E-06 1.1858216524E-06 -7.0329229997E+00 6.7281839009E+01 1.3040168309E-06 -1.6426618628E-06 -1.9348243682E-06 -1.1991894485E-06 6.6768592523E+01 -4.3976024237E+00 8.9447682706E-07 1.4514003746E-06 4.3976024237E+00 6.6768592523E+01
44.00 6.3802478604E+01 -6.4907161214E+00 -1.8157783267E-06 1.2506822761E-06 -6.4907161214E+00 6.3802478604E+01 1.1739114471E-06 -1.7489470876E-06 -1.7745536973E-06 -1.1028517999E-06 6.3324678467E+01 -4.3141600856E+00 9.5995752119E-07 1.5588149628E-06 4.3141600856E+00 6.3324678467E+01
45.00 6.0048730301E+01 -5.9821304619E+00 -1.6186289725E-06 1.3005916674E-06 -5.9821304619E+00 6.0048730301E+01 1.0345129244E-06 -1.8331027488E-06 -1.5994906845E-06 -9.9764432847E-07 5.9597479074E+01 -4.2666865265E+00 1.0119302705E-06 1.6450116591E-06 4.2666865265E+00 5.9597479074E+01
46.00 5.6140550291E+01 -5.5268361541E+00 -1.4096908719E-06 1.3355507082E-06 -5.5268361541E+00 5.6140550291E+01 8.8805060916E-07 -1.8950039350E-06 -1.4125290854E-06 -8.8527434071E-07 5.5706654296E+01 -4.2407707092E+00 1.0504124544E-06 1.7098666126E-06 4.2407707092E+00 5.5706654296E+01
47.00 5.2197198629E+01 -5.1395693314E+00 -1.1923127387E-06 1.3557438877E-06 -5.1395693314E+00 5.2197198629E+01 7.3682551109E-07 -1.9348093939E-06 -1.2166791884E-06 -7.6751621875E-07 5.1771684817E+01 -4.2219690808E+00 1.0755911123E-06 1.7535311263E-06 4.2219690808E+00 5.1771684817E+01
48.00 4.8330664350E+01 -4.8296608532E+00 -9.6989977550E-07 1.3615342894E-06 -4.8296608532E+00 4.8330664350E+01 5.8316712214E-07 -1.9529542675E-06 -1.0150125142E-06 -6.4617909401E-07 4.7905287602E+01 -4.1965357500E+00 1.0878175724E-06 1.7764242514E-06 4.1965357500E+00 4.7905287602E+01
49.00 4.4640196817E+01 -4.6008548966E+00 -7.4585139736E-07 1.3534558551E-06 -4.6008548966E+00 4.4640196817E+01 4.2939014103E-07 -1.9501387934E-06 -8.1060660750E-07 -5.2307446390E-07 4.4207909847E+01 -4.1521094711E+00 1.0875995480E-06 1.7792214877E-06 4.1521094711E+00 4.4207909847E+01
50.00 4.1208084924E+01 -4.4514211875E+00 -5.2350028384E-07 1.3322030084E-06 -4.4514211875E+00 4.1208084924E+01 2.7775207762E-07 -1.9273131517E-06 -6.0649098216E-07 -3.9998445977E-07 4.0763444152E+01 -4.0783248346E+00 1.0755907845E-06 1.7628397765E-06 4.0783248346E+00 4.0763444152E+01
51.00 3.8096759853E+01 -4.3745496016E+00 -3.0605391284E-07 1.2986178453E-06 -4.3745496016E+00 3.8096759853E+01 1.3041265991E-07 -1.8856585746E-06 -4.0559520113E-07 -2.7863141507E-07 3.7636243334E+01 -3.9673183317E+00 1.0525784840E-06 1.7284188968E-06 3.9673183317E+00 3.7636243334E+01
52.00 3.5347232445E+01 -4.3590015029E+00 -9.6539776499E-08 1.2536749433E-06 -4.3590015029E+00 3.5347232445E+01 -1.0604112369E-08 -1.8265651667E-06 -2.1070010944E-07 -1.6064932708E-07 3.4869450137E+01 -3.8141046893E+00 1.0194685293E-06 1.6772997274E-06 3.8141046893E+00 3.4869450137E+01
53.00 3.2978815621E+01 -4.3899792319E+00 1.0224478847E-07 1.1984642026E-06 -4.3899792319E+00 3.2978815621E+01 -1.4344439689E-07 -1.7516067000E-06 -2.4393004490E-08 -4.7557842735E-08 3.2484597653E+01 -3.6168048619E+00 9.7726893629E-07 1.6109996054E-06 3.6168048619E+00 3.2484597653E+01
54.00 3.0990027988E+01 -4.4501643034E+00 2.8777711035E-07 1.1341718830E-06 -4.4501643034E+00 3.0990027988E+01 -2.6645485078E-07 -1.6625128839E-06 1.5097234878E-07 5.9260884669E-08 3.0482383022E+01 -3.3767140345E+00 9.2707165765E-07 1.5311852949E-06 3.3767140345E+00 3.0482383022E+01
55.00 2.9360528965E+01 -4.5208666739E+00 4.5784738486E-07 1.0620602808E-06 -4.5208666739E+00 2.9360528965E+01 -3.7820813235E-07 -1.5611396106E-06 3.1331033743E-07 1.5858188288E-07 2.8844471697E+01 -3.0982056360E+00 8.7003318052E-07 1.4396440173E-06 3.0982056360E+00 2.8844471697E+01
56.00 2.8053899631E+01 -4.5832223029E+00 6.1058986427E-07 9.8344644238E-07 -4.5832223029E+00 2.8053899631E+01 -4.7752325718E-07 -1.4494376638E-06 4.6083211761E-07 2.4935345031E-07 2.7536153750E+01 -2.7884752982E+00 8.0735428549E-07 1.3382530235E-06 2.7884752982E+00 2.7536153750E+01
57.00 2.7021058369E+01 -4.6193744226E+00 7.4450659273E-07 8.9968031428E-07 -4.6193744226E+00 2.7021058369E+01 -5.6348036703E-07 -1.3294205126E-06 5.9206786942E-07 3.3070930585E-07 2.6509648343E+01 -2.4571365630E+00 7.4025933990E-07 1.2289482886E-06 2.4571365630E+00 2.6509648343E+01
58.00 2.6204086387E+01 -4.6135754946E+00 8.5848340164E-07 8.1212279296E-07 -4.6135754946E+00 2.6204086387E+01 -6.3542980704E-07 -1.2031317484E-06 7.0588242106E-07 4.0197676250E-07 2.5707837925E+01 -2.1156875342E+00 6.6997556781E-07 1.1136928653E-06 2.1156875342E+00 2.5707837925E+01
59.00 2.5540235448E+01 -4.5531516845E+00 9.5179803820E-07 7.2212412232E-07 -4.5531516845E+00 2.5540235448E+01 -6.9299542986E-07 -1.0726127891E-06 8.0148412407E-07 4.6268086269E-07 2.5068210037E+01 -1.7768742359E+00 5.9771271455E-07 9.9444548227E-07 1.7768742359E+00 2.5068210037E+01
60.00 2.4965898016E+01 -4.4292795142E+00 1.0241204768E-06 6.3100310455E-07 -4.4292795142E+00 2.4965898016E+01 -7.3607225283E-07 -9.3987136383E-07 8.7842699437E-07 5.1254458463E-07 2.4526791139E+01 -1.4539818334E+00 5.2464356211E-07 8.7312987202E-07 1.4539818334E+00 2.4526791139E+01
61.00 2.4420337453E+01 -4.2375347492E+00 1.0755056271E-06 5.4002746235E-07 -4.2375347492E+00 2.4420337453E+01 -7.6481866181E-07 -8.0685143727E-07 9.3660629271E-07 5.5148523714E-07 2.4021872835E+01 -1.1600888214E+00 4.5188559720E-07 7.5160547299E-07 1.1600888214E+00 2.4021872835E+01
62.00 2.3849001653E+01 -3.9781859466E+00 1.1063787783E-06 4.5039581987E-07 -3.9781859466E+00 2.3849001653E+01 -7.7964358646E-07 -6.7540498674E-07 9.7624778217E-07 5.7960737635E-07 2.3497354830E+01 -9.0732156268E-01 3.8048430362E-07 6.3163988892E-07 9.0732156268E-01 2.3497354830E+01
63.00 2.3206275753E+01 -3.6562187870E+00 1.1175143173E-06 3.6322153144E-07 -3.6562187870E+00 2.3206275753E+01 -7.8118898214E-07 -5.4726619726E-07 9.9789112854E-07 5.9719242068E-07 2.2905559475E+01 -7.0614704499E-01 3.1139828501E-07 5.1488367149E-07 7.0614704499E-01 2.2905559475E+01
64.00 2.2457566599E+01 -3.2810916064E+00 1.1100083154E-06 2.7951870072E-07 -3.2810916064E+00 2.2457566599E+01 -7.7030828972E-07 -4.2402841667E-07 1.0023678899E-06 6.0468547235E-07 2.2209408001E+01 -5.6474034904E-01 2.4548656813E-07 4.0284775842E-07 5.6474034904E-01 2.2209408001E+01
65.00 2.1580651438E+01 -2.8662366780E+00 1.0852457075E-06 2.0019053392E-07 -2.8662366780E+00 2.1580651438E+01 -7.4804136953E-07 -3.0712424425E-07 9.9077471053E-07 6.0267963482E-07 2.1383886702E+01 -4.8846014090E-01 1.8349822788E-07 2.9688395193E-07 4.8846014090E-01 2.1383886702E+01
66.00 2.0566263891E+01 -2.4283350611E+00 1.0448629065E-06 1.2602020045E-07 -2.4283350611E+00 2.0566263891E+01 -7.1558663170E-07 -1.9780902953E-07 9.6444240326E-07 5.9189832128E-07 2.0416770478E+01 -4.7946063261E-01 1.2606451465E-07 1.9816872497E-07 4.7946063261E-01 2.0416770478E+01
67.00 1.9417929775E+01 -1.9864045364E+00 9.9070669132E-07 5.7664223154E-08 -1.9864045364E+00 1.9417929775E+01 -6.7427102113E-07 -9.7147964967E-08 9.2490161615E-07 5.7317597847E-07 1.9308609535E+01 -5.3646211802E-01 7.3693517642E-08 1.0769056584E-07 5.3646211802E-01 1.9308609535E+01
68.00 1.8151102002E+01 -1.5607497296E+00 9.2479033203E-07 -4.3515582999E-09 -1.5607497296E+00 1.8151102002E+01 -6.2551855134E-07 -6.0068949265E-09 8.7384589387E-07 5.4743766529E-07 1.8072020890E+01 -6.5469466831E-01 2.6767421993E-08 2.6241004232E-08 6.5469466831E-01 1.8072020890E+01
69.00 1.6791676073E+01 -1.1718304967E+00 8.4924785541E-07 -5.9633525082E-08 -1.1718304967E+00 1.6791676073E+01 -5.7081808956E-07 7.4953149285E-08 8.1309288188E-07 5.1567794418E-07 1.6730358262E+01 -8.2602121566E-01 -1.4457698730E-08 -4.5590637441E-08 8.2602121566E-01 1.6730358262E+01
70.00 1.5373994401E+01 -8.3910870216E-01 7.6628741282E-07 -1.0791947367E-07 -8.3910870216E-01 1.5373994401E+01 -5.1169107382E-07 1.4527764903E-07 7.4454449140E-07 4.7893951161E-07 1.5315860601E+01 -1.0392374583E+00 -4.9849704142E-08 -1.0741869200E-07 1.0392374583E+00 1.5315860601E+01
71.00 1.3938467824E+01 -5.7993447765E-01 6.7814471405E-07 -1.4907554459E-07 -5.7993447765E-01 1.3938467824E+01 -4.4965976023E-07 2.0471673684E-07 6.7014684680E-07 4.3829192861E-07 1.3867400107E+01 -1.2805372085E+00 -7.9395878583E-08 -1.5905897728E-07 1.2805372085E+00 1.3867400107E+01
72.00 1.2528955680E+01 -4.0853089678E-01 5.8703738419E-07 -1.8309116195E-07 -4.0853089678E-01 1.2528955680E+01 -3.8621665122E-07 2.5321986354E-07 5.9185073980E-07 3.9481087745E-07 1.2427964367E+01 -1.5341234069E+00 -1.0319637265E-07 -2.0052305985E-07 1.5341234069E+00 1.2427964367E+01
73.00 1.1190051456E+01 -3.3513088168E-01 4.9512112417E-07 -2.1007215747E-07 -3.3513088168E-01 1.1190051456E+01 -3.2279560604E-07 2.9092724825E-07 5.1157335242E-07 3.4955823684E-07 1.1042013987E+01 -1.7829374590E+00 -1.2145576476E-07 -2.3200919134E-07 1.7829374590E+00 1.1042013987E+01
74.00 9.9644193050E+00 -3.6531235442E-01 4.0444847639E-07 -2.3023234236E-07 -3.6531235442E-01 9.9644193050E+00 -2.6074513374E-07 3.1815839194E-07 4.3116194281E-07 3.0356329282E-07 9.7528568356E+00 -2.0094731931E+00 -1.3447301255E-07 -2.5389018275E-07 2.0094731931E+00 9.7528568356E+00
75.00 8.8903182106E+00 -4.9956757883E-01 3.1693088061E-07 -2.4388375195E-07 -4.9956757883E-01 8.8903182106E+00 -2.0130431483E-07 3.3539796172E-07 3.5236008316E-07 2.5780537453E-07 8.6001730405E+00 -2.1966369278E+00 -1.4263004212E-07 -2.6669851580E-07 2.1966369278E+00 8.6001730405E+00
76.00 7.9994357828E+00 -7.3313082273E-01 2.3430470796E-07 -2.5142585482E-07 -7.3313082273E-01 7.9994357828E+00 -1.4558166949E-07 3.4327936743E-07 2.7677706827E-07 2.1319809457E-07 7.6178118653E+00 -2.3286121244E+00 -1.4637928548E-07 -2.7110902450E-07 2.3286121244E+00 7.6178118653E+00
77.00 7.3151337147E+00 -1.0560755061E+00 1.5810177091E-07 -2.5333392001E-07 -1.0560755061E+00 7.3151337147E+00 -9.4537309014E-08 3.4256645055E-07 2.0586092184E-07 1.7057544153E-07 6.8319633730E+00 -2.3916860702E+00 -1.4623040376E-07 -2.6791957696E-07 2.3916860702E+00 6.8319633730E+00
78.00 6.8511828030E+00 -1.4536785296E+00 8.9624798674E-08 -2.5014682562E-07 -1.4536785296E+00 6.8511828030E+00 -4.8968565078E-08 3.3413361843E-07 1.4087545772E-07 1.3067983607E-07 6.2597854162E+00 -2.3749970686E+00 -1.4273651639E-07 -2.5803012337E-07 2.3749970686E+00 6.2597854162E+00
79.00 6.6110385174E+00 -1.9070361585E+00 2.9928198499E-08 -2.4245448576E-07 -1.9070361585E+00 6.6110385174E+00 -9.4992882780E-09 3.1894486531E-07 8.2881675407E-08 9.4152315023E-08 5.9085411790E+00 -2.2711636895E+00 -1.3648016951E-07 -2.4242058332E-07 2.2711636895E+00 5.9085411790E+00
80.00 6.5876796732E+00 -2.3939033131E+00 -2.0195657002E-08 -2.3088514861E-07 -2.3939033131E+00 6.5876796732E+00 2.3427110968E-08 2.9803203113E-07 3.2723740291E-08 6.1524894626E-08 5.7752755199E+00 -2.0767626424E+00 -1.2805936092E-07 -2.2212797019E-07 2.0767626424E+00 5.7752755199E+00
81.00 6.7640042167E+00 -2.8897169767E+00 -6.0224460094E-08 -2.1609271288E-07 -2.8897169767E+00 6.7640042167E+00 4.9550823511E-08 2.7247274218E-07 -8.9803096598E-09 3.3215202627E-08 5.8470310147E+00 -1.7926285591E+00 -1.1807381732E-07 -1.9822324738E-07 1.7926285591E+00 5.8470310147E+00
82.00 7.1137487825E+00 -3.3687552067E+00 -8.9908310661E-08 -1.9874427416E-07 -3.3687552067E+00 7.1137487825E+00 6.8795048409E-08 2.4336837874E-07 -4.1843081013E-08 9.5233706587E-09 6.1015781748E+00 -1.4239571184E+00 -1.0711181266E-07 -1.7178831412E-07 1.4239571184E+00 6.1015781748E+00
83.00 7.6028737408E+00 -3.8053763373E+00 -1.0926644185E-07 -1.7950804120E-07 -3.8053763373E+00 7.6028737408E+00 8.1261717385E-08 2.1182245953E-07 -6.5707611960E-08 -9.3688003556E-09 6.5086099768E+00 -9.8020213262E-01 -9.5737729117E-08 -1.4389356320E-07 9.8020213262E-01 6.5086099768E+00
84.00 8.1913340073E+00 -4.1752787120E+00 -1.1857849905E-07 -1.5904177517E-07 -4.1752787120E+00 8.1913340073E+00 8.7223705916E-08 1.7891981531E-07 -8.0642532313E-08 -2.3396476726E-08 7.0313296594E+00 -4.7476701423E-01 -8.4480553263E-08 -1.1557644774E-07 4.7476701423E-01 7.0313296594E+00
85.00 8.8351388120E+00 -4.4567198612E+00 -1.1837066327E-07 -1.3798189785E-07 -4.4567198612E+00 8.8351388120E+00 8.7113694557E-08 1.4570683528E-07 -8.6932832300E-08 -3.2608274926E-08 7.6283435820E+00 7.5499017542E-02 -7.3823540441E-08 -8.7821366589E-08 -7.5499017542E-02 7.6283435820E+00
86.00 9.4885915902E+00 -4.6316355005E+00 -1.0939696779E-07 -1.1693338891E-07 -4.6316355005E+00 9.4885915902E+00 8.1509981071E-08 1.1317314977E-07 -8.5066490482E-08 -3.7160752164E-08 8.2557584721E+00 6.5098003416E-01 -6.4195168426E-08 -6.1541293369E-08 -6.5098003416E-01 8.2557584721E+00
87.00 1.0106594581E+01 -4.6866029850E+00 -9.2616267347E-08 -9.6460587070E-08 -4.6866029850E+00 1.0106594581E+01 7.1119510254E-08 8.2234995482E-08 -7.5717343778E-08 -3.7311016301E-08 8.8693750383E+00 1.2301190622E+00 -5.5961544207E-08 -3.7561416736E-08 -1.2301190622E+00 8.8693750383E+00
88.00 1.0646901777E+01 -4.6136007179E+00 -6.9165380365E-08 -7.7079014507E-08 -4.6136007179E+00 1.0646901777E+01 5.6758495362E-08 5.3720503326E-08 -5.9724607433E-08 -3.3407659276E-08 9.4268678895E+00 1.7903540605E+00 -4.9420396664E-08 -1.6605047303E-08 -1.7903540605E+00 9.4268678895E+00
89.00 1.1072208475E+01 -4.4105241504E+00 -4.0328993900E-08 -5.9248311303E-08 -4.4105241504E+00 1.1072208475E+01 3.9331015931E-08 2.8357146189E-08 -3.8069527440E-08 -2.5880219911E-08 9.8898449148E+00 2.3091220840E+00 -4.4796717615E-08 7.1795472103E-10 -2.3091220840E+00 9.8898449148E+00
90.00 1.1351975469E+01 -4.0814300095E+00 -7.5069616278E-09 -4.3366370402E-08 -4.0814300095E+00 1.1351975469E+01 1.9806021846E-08 6.7614879410E-09 -1.1849677324E-08 -1.5227420234E-08 1.0225687447E+01 2.7648855972E+00 -4.2240136252E-08 1.3920104242E-08 -2.7648855972E+00 1.0225687447E+01
91.00 1.1463900424E+01 -3.6364927601E+00 2.7820311385E-08 -2.9764745739E-08 -3.6364927601E+00 1.1463900424E+01 -8.0679292758E-10 -1.0568618556E-08 1.7748530258E-08 -2.0044393521E-09 1.0409085147E+01 3.1381331620E+00 -4.1824044226E-08 2.2642438543E-08 -3.1381331620E+00 1.0409085147E+01
92.00 1.1394967322E+01 -3.0916704830E+00 6.4127682996E-08 -1.8705386467E-08 -3.0916704830E+00 1.1394967322E+01 -2.1481778747E-08 -2.3259319219E-08 4.9478523934E-08 1.3190510895E-08 1.0423195907E+01 3.4123072791E+00 -4.3546465943E-08 2.6657850411E-08 -3.4123072791E+00 1.0423195907E+01
93.00 1.1142026229E+01 -2.4680907566E+00 9.9881577904E-08 -1.0378740248E-08 -2.4680907566E+00 1.1142026229E+01 -4.1202279932E-08 -3.1063475070E-08 8.2062869269E-08 2.9729997912E-08 1.0260380312E+01 3.5746149966E+00 -4.7332634869E-08 2.5871597585E-08 -3.5746149966E+00 1.0260380312E+01
94.00 1.0711878978E+01 -1.7911801636E+00 1.3357604171E-07 -4.9032241064E-09 -1.7911801636E+00 1.0711878978E+01 -5.8985229981E-08 -3.3860837822E-08 1.1422257363E-07 4.6971266102E-08 9.9224813845E+00 3.6166819102E+00 -5.3039184418E-08 2.0319073263E-08 -3.6166819102E+00 9.9224813845E+00
95.00 1.0120870486E+01 -1.0895731426E+00 1.6376782098E-07 -2.3260631355E-09 -1.0895731426E+00 1.0120870486E+01 -7.3904945490E-08 -3.1655716201E-08 1.4470579185E-07 6.4269967714E-08 9.4206424221E+00 3.5350171321E+00 -6.0459831689E-08 1.0160918811E-08 -3.5350171321E+00 9.4206424221E+00
96.00 9.3940093778E+00 -3.9384651646E-01 1.8910978766E-07 -2.6254755486E-09 -3.9384651646E-01 9.3940093778E+00 -8.5115593113E-08 -2.4572287593E-08 1.7231538048E-07 8.0993414174E-08 8.7746776646E+00 3.3312653741E+00 -6.9332428547E-08 -4.3242866740E-09 -3.3312653741E+00 8.7746776646E+00
97.00 8.5636640568E+00 2.6486529984E-01 2.0838204488E-07 -5.7141023930E-09 2.6486529984E-01 8.5636640568E+00 -9.1871904968E-08 -1.2847640143E-08 1.9593476929E-07 9.6533092929E-08 8.0120313540E+00 3.0122320685E+00 -7.9347137640E-08 -2.2749620349E-08 -3.0122320685E+00 8.0120313540E+00
98.00 7.6679005295E+00 8.5631308640E-01 2.2052011478E-07 -1.1443632262E-08 8.5631308640E-01 7.6679005295E+00 -9.3547709006E-08 3.1771922246E-09 2.1455165218E-07 1.1031622794E-07 7.1663794549E+00 2.5896779602E+00 -9.0155565193E-08 -4.4631355649E-08 -2.5896779602E+00 7.1663794549E+00
99.00 6.7485450694E+00 1.3525685806E+00 2.2463965136E-07 -1.9610478023E-08 1.3525685806E+00 6.7485450694E+00 -8.9651914302E-08 2.3068030292E-08 2.2727906221E-07 1.2181617582E-07 6.2759441520E+00 2.0798903311E+00 -1.0138057260E-07 -6.9402218092E-08 -2.0798903311E+00 6.2759441520E+00
100.00 5.8490675858E+00 1.7293873254E+00 2.2005722221E-07 -2.9962378216E-08 1.7293873254E+00 5.8490675858E+00 -7.9841595381E-08 4.6309869284E-08 2.3337346951E-07 1.3056148585E-07 5.3816035252E+00 1.5030484356E+00 -1.1262652509E-07 -9.6425971754E-08 -1.5030484356E+00 5.3816035252E+00
101.00 5.0123896862E+00 1.9674347366E+00 2.0630673217E-07 -4.2205768968E-08 1.9674347366E+00 5.0123896862E+00 -6.3931943526E-08 7.2320455931E-08 2.3224956995E-07 1.3614352065E-07 4.5248870641E+00 8.8241032431E-01 -1.2348970232E-07 -1.2501303205E-07 -8.8241032431E-01 4.5248870641E+00
102.00 4.2787245950E+00 2.0533163833E+00 1.8315122318E-07 -5.6013745110E-08 2.0533163833E+00 4.2787245950E+00 -4.1902836432E-08 1.0046478913E-07 2.2349157568E-07 1.3822253241E-07 3.7459516262E+00 2.4335653674E-01 -1.3356860208E-07 -1.5443671441E-07 -2.4335653674E-01 3.7459516262E+00
103.00 3.6835541765E+00 1.9803610211E+00 1.5058979140E-07 -7.1034421866E-08 1.9803610211E+00 3.6835541765E+00 -1.3901908513E-08 1.3007024275E-07 2.0686081503E-07 1.3653216717E-07 3.0816319861E+00 -3.8766725353E-01 -1.4247386386E-07 -1.8394978325E-07 3.8766725353E-01 3.0816319861E+00
104.00 3.2558414213E+00 1.7491148556E+00 1.0885951733E-07 -8.6899527366E-08 1.7491148556E+00 3.2558414213E+00 1.9755951539E-08 1.6044194542E-07 1.8229959033E-07 1.3088241085E-07 2.5636553912E+00 -9.8426196588E-01 -1.4983757920E-07 -2.1280091261E-07 9.8426196588E-01 2.5636553912E+00
105.00 3.0165652313E+00 1.3675174731E+00 5.8432382968E-08 -1.0323301505E-07 1.3675174731E+00 3.0165652313E+00 5.8592700531E-08 1.9087812304E-07 1.4993129000E-07 1.2116099396E-07 2.2171008337E+00 -1.5211921800E+00 -1.5532175231E-07 -2.4025073494E-07 1.5211921800E+00 2.2171008337E+00
106.00 2.9776487367E+00 8.5074338302E-01 7.2508849711E-12 -1.1965953266E-07 8.5074338302E-01 2.9776487367E+00 1.0197476706E-07 2.2068506810E-07 1.1005684405E-07 1.0733334566E-07 2.0591715655E+00 -1.9754594806E+00 -1.5862572462E-07 -2.6558714376E-07 1.9754594806E+00 2.0591715655E+00
107.00 3.1413334248E+00 2.2070762654E-01 -6.5502954996E-08 -1.3581255606E-07 2.2070762654E-01 3.1413334248E+00 1.4912405446E-07 2.4919145124E-07 6.3147649093E-08 8.9441204071E-08 2.0983343364E+00 -2.3272852946E+00 -1.5949240056E-07 -2.8813954593E-07 2.3272852946E+00 2.0983343364E+00
108.00 3.5000299533E+00 -4.9475117279E-01 -1.3698856473E-07 -1.5134206534E-07 -4.9475117279E-01 3.5000299533E+00 1.9913217411E-07 2.7576168675E-07 9.8352240986E-09 6.7599980041E-08 2.3338616730E+00 -2.5609608825E+00 -1.5771316870E-07 -3.0729181725E-07 2.5609608825E+00 2.3338616730E+00
109.00 4.0366536613E+00 -1.2629822413E+00 -2.1316468095E-07 -1.6592158095E-07 -1.2629822413E+00 4.0366536613E+00 2.5097759238E-07 2.9980814427E-07 -4.9102178186E-08 4.1995064558E-08 2.7557950496E+00 -2.6655285187E+00 -1.5313143537E-07 -3.2249371773E-07 2.6655285187E+00 2.7557950496E+00
110.00 4.7254295479E+00 -2.0478866459E+00 -2.9259643302E-07 -1.7925448733E-07 -2.0478866459E+00 4.7254295479E+00 3.0354543866E-07 3.2080195922E-07 -1.1275562549E-07 1.2877171746E-08 3.3453278788E+00 -2.6352658465E+00 -1.4564475271E-07 -3.3327059583E-07 2.6352658465E+00 3.3453278788E+00
111.00 5.5331289487E+00 -2.8114795420E+00 -3.7372749906E-07 -1.9107952169E-07 -2.8114795420E+00 5.5331289487E+00 3.5564957144E-07 3.3828232007E-07 -1.8010389002E-07 -1.9443073931E-08 4.0755887217E+00 -2.4699545179E+00 -1.3520555316E-07 -3.3923124599E-07 2.4699545179E+00 4.0755887217E+00
112.00 6.4206793707E+00 -3.5155860394E+00 -4.5491132361E-07 -2.0117536932E-07 -3.5155860394E+00 6.4206793707E+00 4.0605651737E-07 3.5186407203E-07 -2.5003373607E-07 -5.4601192611E-08 4.9127877782E+00 -2.1749240508E+00 -1.2182055024E-07 -3.4007382186E-07 2.1749240508E+00 4.9127877782E+00
113.00 7.3450709134E+00 -4.1235982609E+00 -5.3444442247E-07 -2.0936432165E-07 -4.1235982609E+00 7.3450709134E+00 4.5351082864E-07 3.6124357311E-07 -3.2136168443E-07 -9.2185381972E-08 5.8176743090E+00 -1.7608718693E+00 -1.0554890782E-07 -3.3558976509E-07 1.7608718693E+00 5.8176743090E+00
114.00 8.2614682700E+00 -4.6022163372E+00 -6.1060111488E-07 -2.1551494947E-07 -4.6022163372E+00 8.2614682700E+00 4.9676138086E-07 3.6620275103E-07 -3.9285681273E-07 -1.3174339488E-07 6.7472397690E+00 -1.2434702497E+00 -8.6499281516E-08 -3.2566576171E-07 1.2434702497E+00 6.7472397690E+00
115.00 9.1254271474E+00 -4.9230945194E+00 -6.8166901052E-07 -2.1954381081E-07 -4.9230945194E+00 9.1254271474E+00 5.3458811207E-07 3.6661134702E-07 -4.6326413540E-07 -1.7278964481E-07 7.6565916023E+00 -6.4277990847E-01 -6.4825922844E-08 -3.1028374534E-07 6.4277990847E-01 7.6565916023E+00
116.00 9.8951085654E+00 -5.0643154525E+00 -7.4598452689E-07 -2.2141617071E-07 -5.0643154525E+00 9.8951085654E+00 5.6582867299E-07 3.6242739462E-07 -5.3132811129E-07 -2.1481242157E-07 8.5009161972E+00 1.7502170273E-02 -4.0723963067E-08 -2.8951907552E-07 -1.7502170273E-02 8.5009161972E+00
117.00 1.0533384153E+01 -5.0116209880E+00 -8.0196774963E-07 -2.2114578167E-07 -5.0116209880E+00 1.0533384153E+01 5.8940447992E-07 3.5369596706E-07 -5.9581583918E-07 -2.5728114731E-07 9.2374466176E+00 7.1092669536E-01 -1.4424110907E-08 -2.6353696194E-07 -7.1092669536E-01 9.2374466176E+00
118.00 1.1009730285E+01 -4.7593365793E+00 -8.4815592107E-07 -2.1879374132E-07 -4.7593365793E+00 1.1009730285E+01 6.0434560214E-07 3.4054630109E-07 -6.5553953886E-07 -2.9965354808E-07 9.8273514512E+00 1.4092692186E+00 1.3813089117E-08 -2.3258732101E-07 -1.4092692186E+00 9.8273514512E+00
119.00 1.1301818510E+01 -4.3109380478E+00 -8.8323488062E-07 -2.1446646604E-07 -4.3109380478E+00 1.1301818510E+01 6.0981400560E-07 3.2318740829E-07 -7.0937789494E-07 -3.4138272960E-07 1.0237465316E+01 2.0835591404E+00 4.3703260765E-08 -1.9699824283E-07 -2.0835591404E+00 1.0237465316E+01
120.00 1.1396723718E+01 -3.6792238934E+00 -9.0606780591E-07 -2.0831285143E-07 -3.6792238934E+00 1.1396723718E+01 6.0512462098E-07 3.0190229522E-07 -7.5629591784E-07 -3.8192406593E-07 1.0441788984E+01 2.7051184566E+00 7.4944261995E-08 -1.5716823918E-07 -2.7051184566E+00 1.0441788984E+01
121.00 1.1291689333E+01 -2.8860728139E+00 -9.1572066758E-07 -2.0052066056E-07 -2.8860728139E+00 1.1291689333E+01 5.8976376259E-07 2.7704095665E-07 -7.9536300402E-07 -4.2074185415E-07 1.0422697338E+01 3.2465692502E+00 1.0722219066E-07 -1.1355751621E-07 -3.2465692502E+00 1.0422697338E+01
122.00 1.0994409542E+01 -1.9617840114E+00 -9.1148384622E-07 -1.9131220864E-07 -1.9617840114E+00 1.0994409542E+01 5.6340448185E-07 2.4901229319E-07 -8.2576888957E-07 -4.5731571994E-07 1.0171805957E+01 3.6827718159E+00 1.4021718091E-07 -6.6678469758E-08 -3.6827718159E+00 1.0171805957E+01
123.00 1.0522811348E+01 -9.4401645352E-01 -8.9288943968E-07 -1.8093941662E-07 -9.4401645352E-01 1.0522811348E+01 5.2591844738E-07 2.1827514704E-07 -8.4683726129E-07 -4.9114671975E-07 9.6904615064E+00 3.9916597287E+00 1.7360888078E-07 -1.7085649191E-08 -3.9916597287E+00 9.6904615064E+00
124.00 9.9043428420E+00 1.2363830256E-01 -8.5972388765E-07 -1.6967832006E-07 1.2363830256E-01 9.9043428420E+00 4.7738403320E-07 1.8532861121E-07 -8.5803684447E-07 -5.2176310275E-07 8.9898366132E+00 4.1549438467E+00 2.0708150967E-07 3.4634617210E-08 -4.1549438467E+00 8.9898366132E+00
125.00 9.1747976075E+00 1.1933976593E+00 -8.1203561313E-07 -1.5782312018E-07 1.1933976593E+00 9.1747976075E+00 4.1809035372E-07 1.5070182035E-07 -8.5898981289E-07 -5.4872570739E-07 8.0906259481E+00 4.1586638400E+00 2.4032843703E-07 8.7874698321E-08 -4.1586638400E+00 8.0906259481E+00
126.00 8.3767272528E+00 2.2152761949E+00 -7.5013746576E-07 -1.4567985300E-07 2.2152761949E+00 8.3767272528E+00 3.4853708508E-07 1.1494342879E-07 -8.4947740013E-07 -5.7163298095E-07 7.0223561221E+00 3.9935730044E+00 2.7305624256E-07 1.4201603577E-07 -3.9935730044E+00 7.0223561221E+00
127.00 7.5575138947E+00 3.1392397799E+00 -6.7460391749E-07 -1.3355982694E-07 3.1392397799E+00 7.5575138947E+00 2.6942993920E-07 7.8610927480E-08 -8.2944271708E-07 -5.9012553541E-07 5.8223371629E+00 3.6553494818E+00 3.0498821311E-07 1.9643925447E-07 -3.6553494818E+00 5.8223371629E+00
128.00 6.7671908739E+00 3.9174350273E+00 -5.8626298461E-07 -1.2177290534E-07 3.9174350273E+00 6.7671908739E+00 1.8167182901E-07 4.2260046286E-08 -7.9899071814E-07 -6.0389026224E-07 4.5342971563E+00 3.1446342282E+00 3.3586728626E-07 2.5053381047E-07 -3.1446342282E+00 4.5342971563E+00
129.00 6.0561123742E+00 4.5063975184E+00 -4.8618303142E-07 -1.1062078022E-07 4.5063975184E+00 6.0561123742E+00 8.6349800819E-08 6.4344079780E-09 -7.5838539700E-07 -6.1266394022E-07 3.2067536562E+00 2.4669028121E+00 3.6545844118E-07 3.0370704899E-07 -2.4669028121E+00 3.2067536562E+00
130.00 5.4725803186E+00 4.8691404488E+00 -3.7565469534E-07 -1.0039038229E-07 4.8691404488E+00 5.4725803186E+00 -1.5282081379E-08 -2.8344374885E-08 -7.0804430227E-07 -6.1623630349E-07 1.8911852341E+00 1.6321841332E+00 3.9355054933E-07 3.5539253472E-07 -1.6321841332E+00 1.8911852341E+00
131.00 5.0605395502E+00 4.9770279395E+00 -2.5616827358E-07 -9.1347544669E-08 4.9770279395E+00 5.0605395502E+00 -1.2182359509E-07 -6.1585963356E-08 -6.4853049873E-07 -6.1445255038E-07 6.4007375113E-01 6.5464419488E-01 4.1995773677E-07 4.0505756712E-07 -6.5464419488E-01 6.4007375113E-01
132.00 4.8574497454E+00 4.8113442530E+00 -1.2938702416E-07 -8.3731096493E-08 4.8113442530E+00 4.8574497454E+00 -2.3175260434E-07 -9.2839753715E-08 -5.8054215561E-07 -6.0721525116E-07 -4.9510764107E-01 -4.4794300168E-01 4.4452025254E-07 4.5220977329E-07 4.4794300168E-01 -4.9510764107E-01
133.00 4.8924348601E+00 4.3644813417E+00 2.8831087448E-09 -7.7747495942E-08 4.3644813417E+00 4.8924348601E+00 -3.4345217631E-07 -1.2170235927E-07 -5.0489997328E-07 -5.9448563578E-07 -1.4658842427E+00 -1.6548126375E+00 4.6710491841E-07 4.9640275271E-07 1.6548126375E+00 -1.4658842427E+00
134.00 5.1847985253E+00 3.6406821255E+00 1.3872665136E-07 -7.3566182923E-08 3.6406821255E+00 5.1847985253E+00 -4.5524011429E-07 -1.4782399361E-07 -4.2253269801E-07 -5.7628423751E-07 -2.2286721518E+00 -2.9428880116E+00 4.8760517606E-07 5.3724072247E-07 2.9428880116E+00 -2.2286721518E+00
135.00 5.7429772654E+00 2.6562950382E+00 2.7615405876E-07 -7.1315753881E-08 2.6562950382E+00 5.7429772654E+00 -5.6540018882E-07 -1.7091361675E-07 -3.3446099789E-07 -5.5269088771E-07 -2.7465022816E+00 -4.2874945782E+00 5.0594076890E-07 5.7438213793E-07 4.2874945782E+00 -2.7465022816E+00
136.00 6.5639834743E+00 1.4395159506E+00 4.1313864899E-07 -7.1081070365E-08 1.4395159506E+00 6.5639834743E+00 -6.7221450182E-07 -1.9074272988E-07 -2.4177999592E-07 -5.2384403739E-07 -2.9905119448E+00 -5.6630831873E+00 5.2205710186E-07 6.0754232126E-07 5.6630831873E+00 -2.9905119448E+00
137.00 7.6333676899E+00 2.9615664787E-02 5.4765429041E-07 -7.2901421059E-08 2.9615664787E-02 7.6333676899E+00 -7.7399624001E-07 -2.0714779663E-07 -1.4564078615E-07 -4.8993943769E-07 -2.9411490650E+00 -7.0439383429E+00 5.3592429875E-07 6.3649508260E-07 7.0439383429E+00 -2.9411490650E+00
138.00 8.9257058861E+00 -1.5243262054E+00 6.7771305225E-07 -7.6769780242E-08 -1.5243262054E+00 8.9257058861E+00 -8.6912212417E-07 -2.2003121086E-07 -4.7231260737E-08 -4.5122816662E-07 -2.5890452115E+00 -8.4048497951E+00 5.4753600514E-07 6.6107339280E-07 8.4048497951E+00 -2.5890452115E+00
139.00 1.0405593372E+01 -3.1651380146E+00 8.0140202557E-07 -8.2633196208E-08 -3.1651380146E+00 1.0405593372E+01 -9.5606384147E-07 -2.2936081969E-07 5.2243392396E-08 -4.0801402100E-07 -1.9355263301E+00 -9.7217288890E+00 5.5690794505E-07 6.8116913673E-07 9.7217288890E+00 -1.9355263301E+00
140.00 1.2029103556E+01 -4.8296599576E+00 9.1691855998E-07 -9.0394341732E-08 -4.8296599576E+00 1.2029103556E+01 -1.0334177979E-06 -2.3516806812E-07 1.5158020978E-07 -3.6065034512E-07 -9.9274376526E-01 -1.0972154614E+01 5.6407627114E-07 6.9673202219E-07 1.0972154614E+01 -9.9274376526E-01
141.00 1.3745648394E+01 -6.4511533219E+00 1.0226031984E-06 -9.9914150972E-08 -6.4511533219E+00 1.3745648394E+01 -1.0999324940E-06 -2.3754477825E-07 2.4959759169E-07 -3.0953625871E-07 2.1657757253E-01 -1.2135838032E+01 5.6909573035E-07 7.0776767852E-07 1.2135838032E+01 2.1657757253E-01
142.00 1.5500158735E+01 -7.9619186153E+00 1.1169696421E-06 -1.1101551509E-07 -7.9619186153E+00 1.5500158735E+01 -1.1545329922E-06 -2.3663873560E-07 3.4515378153E-07 -2.5511241611E-07 1.6597627974E+00 -1.3194997546E+01 5.7203766812E-07 7.1433505938E-07 1.3194997546E+01 1.6597627974E+00
143.00 1.7235487933E+01 -9.2960153253E+00 1.1987311609E-06 -1.2348789758E-07 -9.2960153253E+00 1.7235487933E+01 -1.1963418826E-06 -2.3264816157E-07 4.3716430516E-07 -1.9785626671E-07 3.2951576070E+00 -1.4134641124E+01 5.7298792563E-07 7.1654316041E-07 1.4134641124E+01 3.2951576070E+00
144.00 1.8894931573E+01 -1.0391969931E+01 1.2668229221E-06 -1.3709275632E-07 -1.0391969931E+01 1.8894931573E+01 -1.2246963801E-06 -2.2581529456E-07 5.2461811389E-07 -1.3827694373E-07 5.0734083976E+00 -1.4942755011E+01 5.7204461424E-07 7.1454721604E-07 1.4942755011E+01 5.0734083976E+00
145.00 2.0424750540E+01 -1.1195357567E+01 1.3204198446E-06 -1.5156959437E-07 -1.1195357567E+01 2.0424750540E+01 -1.2391611343E-06 -2.1641923134E-07 6.0659212075E-07 -7.6909795680E-08 6.9390034532E+00 -1.5610401488E+01 5.6931585891E-07 7.0854436977E-07 1.5610401488E+01 6.9390034532E+00
146.00 2.1776584105E+01 -1.1661146550E+01 1.3589496415E-06 -1.6664246211E-07 -1.1661146550E+01 2.1776584105E+01 -1.2395365625E-06 -2.0476826399E-07 6.8226389556E-07 -1.4310647827E-08 8.8320176295E+00 -1.6131730875E+01 5.6491748900E-07 6.9876898288E-07 1.6131730875E+01 8.8320176295E+00
147.00 2.2909644246E+01 -1.1755703665E+01 1.3821008601E-06 -1.8202670133E-07 -1.1755703665E+01 2.2909644246E+01 -1.2258625291E-06 -1.9119192647E-07 7.5092229902E-07 4.8950144942E-08 1.0689996174E+01 -1.6503915069E+01 5.5897075621E-07 6.8548761794E-07 1.6503915069E+01 1.0689996174E+01
148.00 2.3792591861E+01 -1.1458371358E+01 1.3898258266E-06 -1.9743574129E-07 -1.1458371358E+01 2.3792591861E+01 -1.1984173129E-06 -1.7603298828E-07 8.1197592528E-07 1.1229373936E-07 1.2449909115E+01 -1.6727011577E+01 5.5160011824E-07 6.6899378048E-07 1.6727011577E+01 1.2449909115E+01
149.00 2.4405009419E+01 -1.0762545179E+01 1.3823384803E-06 -2.1258768937E-07 -1.0762545179E+01 2.4405009419E+01 -1.1577119945E-06 -1.5963955891E-07 8.6495911445E-07 1.7513899318E-07 1.4050106183E+01 -1.6803768097E+01 5.4293111715E-07 6.4960253376E-07 1.6803768097E+01 1.4050106183E+01
150.00 2.4738402241E+01 -9.6762002617E+00 1.3601072242E-06 -2.2721159071E-07 -9.6762002617E+00 2.4738402241E+01 -1.1044803527E-06 -1.4235761298E-07 9.0953560723E-07 2.3690854653E-07 1.5432203488E+01 -1.6739378407E+01 5.3308837028E-07 6.2764507747E-07 1.6739378407E+01 1.5432203488E+01
151.00 2.4796681301E+01 -8.2218384052E+00 1.3238429887E-06 -2.4105312962E-07 -8.2218384052E+00 2.4796681301E+01 -1.0396645739E-06 -1.2452402709E-07 9.4549968605E-07 2.9703487881E-07 1.6542837171E+01 -1.6541200534E+01 5.2219373025E-07 6.0346335307E-07 1.6541200534E+01 1.6542837171E+01
152.00 2.4596103197E+01 -6.4358514470E+00 1.2744828646E-06 -2.5387962385E-07 -6.4358514470E+00 2.4596103197E+01 -9.6439707016E-07 -1.0646035297E-07 9.7277491267E-07 3.5496616222E-07 1.7335225718E+01 -1.6218448074E+01 5.1036468218E-07 5.7740474830E-07 1.6218448074E+01 1.7335225718E+01
153.00 2.4164666752E+01 -4.3673210413E+00 1.2131696209E-06 -2.6548416099E-07 -4.3673210413E+00 2.4164666752E+01 -8.7997883327E-07 -8.8467383172E-08 9.9141043791E-07 4.1017193884E-07 1.7770491282E+01 -1.5781865090E+01 4.9771297245E-07 5.4981696581E-07 1.5781865090E+01 1.7770491282E+01
154.00 2.3540989520E+01 -2.0762986129E+00 1.1412275536E-06 -2.7568886064E-07 -2.0762986130E+00 2.3540989520E+01 -7.8785483395E-07 -7.0820731173E-08 1.0015750686E-06 4.6214847328E-07 1.7818700880E+01 -1.5243394326E+01 4.8434339916E-07 5.2104325488E-07 1.5243394326E+01 1.7818700880E+01
155.00 2.2772710299E+01 3.6836886380E-01 1.0601352742E-06 -2.8434710072E-07 3.6836886380E-01 2.2772710299E+01 -6.8958688621E-07 -5.3767345521E-08 1.0035492393E-06 5.1042375316E-07 1.7459600142E+01 -1.4615847619E+01 4.7035297256E-07 4.9141786136E-07 1.4615847619E+01 1.7459600142E+01
156.00 2.1914484497E+01 2.8915824533E+00 9.7149591383E-07 -2.9134476706E-07 2.8915824533E+00 2.1914484497E+01 -5.8682459459E-07 -3.7523053708E-08 9.9771508574E-07 5.5456207775E-07 1.6683024940E+01 -1.3912586407E+01 4.5583028196E-07 4.6126190032E-07 1.3912586407E+01 1.6683024940E+01
157.00 2.1025657069E+01 5.4148037768E+00 8.7700536147E-07 -2.9660055463E-07 5.4148037768E+00 2.1025657069E+01 -4.8127495599E-07 -2.2271176480E-08 9.8454487761E-07 5.9416815407E-07 1.5488989136E+01 -1.3147219128E+01 4.4085509324E-07 4.3087971576E-07 1.3147219128E+01 1.5488989136E+01
158.00 2.0167711913E+01 7.8590245751E+00 7.7841916867E-07 -3.0006526158E-07 7.8590245751E+00 2.0167711913E+01 -3.7467117654E-07 -8.1619951530E-09 9.6458802902E-07 6.2889073676E-07 1.3887459225E+01 -1.2333321240E+01 4.2549824994E-07 4.0055563033E-07 1.2333321240E+01 1.3887459225E+01
159.00 1.9401606504E+01 1.0147774628E+01 6.7751876051E-07 -3.0172032954E-07 1.0147774628E+01 1.9401606504E+01 -2.6874127569E-07 4.6867954556E-09 9.3845708549E-07 6.5842564537E-07 1.1897838394E+01 -1.1484182452E+01 4.0982173230E-07 3.7055125734E-07 1.1484182452E+01 1.1897838394E+01
160.00 1.8785105773E+01 1.2210047455E+01 5.7607757637E-07 -3.0157558443E-07 1.2210047455E+01 1.8785105773E+01 -1.6517708188E-07 1.6188910890E-08 9.0681290708E-07 6.8251824586E-07 9.5481928025E+00 -1.0612584712E+01 3.9387895172E-07 3.4110330284E-07 1.0612584712E+01 9.5481928025E+00
161.00 1.8370229518E+01 1.3983026308E+01 4.7582776204E-07 -2.9966641460E-07 1.3983026308E+01 1.8370229518E+01 -6.5604162446E-08 2.6287607845E-08 8.7034944147E-07 7.0096532198E-07 6.8742614072E+00 -9.7306134411E+00 3.7771517442E-07 3.1242190370E-07 9.7306134411E+00 6.8742614072E+00
162.00 1.8200923076E+01 1.5414500845E+01 3.7842805269E-07 -2.9605044201E-07 1.5414500845E+01 1.8200923076E+01 2.8446816979E-08 3.4953317085E-08 8.2977838656E-07 7.1361633764E-07 3.9182970083E+00 -8.8495035478E+00 3.6136809318E-07 2.8468946717E-07 8.8495035478E+00 3.9182970083E+00
163.00 1.8311051696E+01 1.6464877252E+01 2.8543338332E-07 -2.9080397649E-07 1.6464877252E+01 1.8311051696E+01 1.1556676821E-07 4.2180793174E-08 7.8581411295E-07 7.2037408308E-07 7.2779014036E-01 -7.9795208392E+00 3.4486845474E-07 2.5806003134E-07 7.9795208392E+00 7.2779014036E-01
164.00 1.8722805534E+01 1.7108700829E+01 1.9826680260E-07 -2.8401818462E-07 1.7108700829E+01 1.8722805534E+01 1.9449247806E-07 4.7986122062E-08 7.3915910034E-07 7.2119475592E-07 -2.6458711109E+00 -7.1298786150E+00 3.2824077443E-07 2.3265907108E-07 7.1298786150E+00 -2.6458711109E+00
165.00 1.9445584895E+01 1.7335629624E+01 1.1819416150E-07 -2.7579533541E-07 1.7335629624E+01 1.9445584895E+01 2.6412810132E-07 5.2403512149E-08 6.9049026398E-07 7.1608745757E-07 -6.1487533245E+00 -6.3086884535E+00 3.1150404468E-07 2.0858375478E-07 6.3086884535E+00 -6.1487533245E+00
166.00 2.0475415228E+01 1.7150819593E+01 4.6302055373E-08 -2.6624511685E-07 1.7150819593E+01 2.0475415228E+01 3.2356353244E-07 5.5482120664E-08 6.4044639668E-07 7.0511316916E-07 -9.7256933489E+00 -5.5229435049E+00 2.9467245085E-07 1.8590358159E-07 5.5229435049E+00 -9.7256933489E+00
167.00 2.1794919021E+01 1.6574705286E+01 -1.6520635817E-08 -2.5548118284E-07 1.6574705286E+01 2.1794919021E+01 3.7208932457E-07 5.7282981488E-08 5.8961699482E-07 6.8838324692E-07 -1.3321534147E+01 -4.7785319690E+00 2.7775603976E-07 1.6466135791E-07 4.7785319690E+00 -1.3321534147E+01
168.00 2.3373848337E+01 1.5642184080E+01 -6.9597282317E-08 -2.4361804239E-07 1.5642184080E+01 2.3373848337E+01 4.0920792548E-07 5.7876118994E-08 5.3853268992E-07 6.6605748185E-07 -1.6882244985E+01 -4.0802778799E+00 2.6076135395E-07 1.4487446926E-07 4.0802778799E+00 -1.6882244985E+01
169.00 2.5170158137E+01 1.4401235643E+01 -1.1247383344E-07 -2.3076833237E-07 1.4401235643E+01 2.5170158137E+01 4.3464108108E-07 5.7337940777E-08 4.8765742671E-07 6.3834177587E-07 -2.0355898620E+01 -3.4320058248E+00 2.4369199213E-07 1.2653636792E-07 3.4320058248E+00 -2.0355898620E+01
170.00 2.7131577728E+01 1.2911030649E+01 -1.4492481579E-07 -2.1704054399E-07 1.2911030649E+01 2.7131577728E+01 4.4833327345E-07 5.5748971591E-08 4.3738257448E-07 6.0548552640E-07 -2.3693487534E+01 -2.8366258191E+00 2.2654910379E-07 1.0961825651E-07 2.8366258191E+00 -2.3693487534E+01
171.00 2.9197616730E+01 1.1239602880E+01 -1.6695484958E-07 -2.0253725770E-07 1.1239602880E+01 2.9197616730E+01 4.5045117385E-07 5.3191921244E-08 3.8802299482E-07 5.6777874606E-07 -2.6849570913E+01 -2.2962342241E+00 2.0933182258E-07 9.4070877119E-08 2.2962342241E+00 -2.6849570913E+01
172.00 3.1301923603E+01 9.4611759810E+00 -1.7879574623E-07 -1.8735386027E-07 9.4611759810E+00 3.1301923603E+01 4.4137907661E-07 4.9750157315E-08 3.3981517360E-07 5.2554897748E-07 -2.9782753498E+01 -1.8122263586E+00 1.9203762339E-07 7.9826392032E-08 1.8122263586E+00 -2.9782753498E+01
173.00 3.3374899895E+01 7.6532496534E+00 -1.8089918636E-07 -1.7157778186E-07 7.6532496534E+00 3.3374899895E+01 4.2171047465E-07 4.5506552501E-08 2.9291737907E-07 4.7915808448E-07 -3.2456006138E+01 -1.3854163098E+00 1.7466264218E-07 6.6800295743E-08 1.3854163098E+00 -3.2456006138E+01
174.00 3.5346462536E+01 5.8935593802E+00 -1.7392513664E-07 -1.5528817582E-07 5.8935593802E+00 3.5346462536E+01 3.9223590272E-07 4.0542713078E-08 2.4741178586E-07 4.2899895191E-07 -3.4836845318E+01 -1.0161594087E+00 1.5720191400E-07 5.4893324450E-08 1.0161594087E+00 -3.4836845318E+01
175.00 3.7148840155E+01 4.2570286611E+00 -1.5872630062E-07 -1.3855607870E-07 4.2570286611E+00 3.7148840155E+01 3.5392723586E-07 3.4938556816E-08 2.0330854640E-07 3.7549211501E-07 -3.6897394892E+01 -7.0447290485E-01 1.3964960699E-07 4.3993350868E-08 7.0447290485E-01 -3.6897394892E+01
176.00 3.8719287825E+01 2.8128328963E+00 -1.3632879252E-07 -1.2144496692E-07 2.8128328963E+00 3.8719287825E+01 3.0791879897E-07 2.8772192068E-08 1.6055157574E-07 3.1908239461E-07 -3.8614357243E+01 -4.5015055094E-01 1.2199922395E-07 3.3977208532E-08 4.5015055094E-01 -3.8614357243E+01
177.00 4.0002607898E+01 1.6216896056E+00 -1.0790952901E-07 -1.0401163734E-07 1.6216896056E+00 4.0002607898E+01 2.5548555140E-07 2.2120114915E-08 1.1902599022E-07 2.6023550922E-07 -3.9968923174E+01 -2.5286710346E-01 1.0424376284E-07 2.4712496531E-08 2.5286710346E-01 -3.9968923174E+01
178.00 4.0953372527E+01 7.3348073939E-01 -7.4770697630E-08 -8.6307413072E-08 7.3348073939E-01 4.0953372527E+01 1.9801879076E-07 1.5057598972E-08 7.8566929719E-08 1.9943470810E-07 -4.0946649716E+01 -1.1226913982E-01 8.6375893537E-08 1.6059285110E-08 1.1226913982E-01 -4.0946649716E+01
179.00 4.1537755799E+01 1.8529981545E-01 -3.8311826492E-08 -6.8379579330E-08 1.8529981545E-01 4.1537755799E+01 1.3699978317E-07 7.6593014640E-09 3.8969559072E-08 1.3717740392E-07 -4.1537333015E+01 -2.8049094056E-02 6.8388128653E-08 7.8717912681E-09 2.8049094056E-02 -4.1537333015E+01
180.00 4.1734899509E+01 -1.1368683772E-13 7.3234987427E-16 -5.0272982905E-08 -1.1368683772E-13 4.1734899509E+01 7.3971816391E-08 -2.1070851484E-16 -7.3235015221E-16 7.3971816391E-08 -4.1734899509E+01 6.3948846219E-14 5.0272982905E-08 -2.1070854131E-16 -6.3948846218E-14 -4.1734899509E+01
