theta s11 s12 s13 s14 s21 s22 s23 s24 s31 s32 s33 s34 s41 s42 s43 s44
0.00 1.9622286246E+01 0.0000000000E+00 0.0000000000E+00 4.0974548595E-06 0.0000000000E+00 1.9622286246E+01 -2.1486827728E-06 0.0000000000E+00 0.0000000000E+00 2.1486827728E-06 1.9622286246E+01 0.0000000000E+00 4.0974548595E-06 0.0000000000E+00 0.0000000000E+00 1.9622286246E+01
1.00 1.9551106823E+01 1.5219565784E-03 7.5351750391E-08 3.8701227953E-06 1.5219565784E-03 1.9551106823E+01 -2.1465874928E-06 7.0424467937E-08 7.5273582726E-08 2.1465978048E-06 1.9551106725E+01 -1.2390525700E-03 3.8701221031E-06 -6.9987157683E-08 1.2390525700E-03 1.9551106725E+01
2.00 1.9338963388E+01 6.0319233299E-03 1.3982825403E-07 3.6164606501E-06 6.0319233299E-03 1.9338963388E+01 -2.1366681853E-06 1.4125220335E-07 1.3957239462E-07 2.1367475690E-06 1.9338961819E+01 -4.9320414003E-03 3.6164524816E-06 -1.3957928423E-07 4.9320414003E-03 1.9338961819E+01
3.00 1.8990001125E+01 1.3363876241E-02 1.9189066781E-07 3.3407074534E-06 1.3363876241E-02 1.8990001125E+01 -2.1182686851E-06 2.1199856494E-07 1.9144536691E-07 2.1185253942E-06 1.8989993233E+01 -1.1005591501E-02 3.3406706030E-06 -2.0841990369E-07 1.1005591501E-02 1.8989993233E+01
4.00 1.8511001254E+01 2.3247133048E-02 2.3037808297E-07 3.0474102670E-06 2.3247133048E-02 1.8511001254E+01 -2.0908183852E-06 2.8205396384E-07 2.2982059295E-07 2.0913988828E-06 1.8510976554E+01 -1.9338727387E-02 3.0473002113E-06 -2.7604231027E-07 1.9338727387E-02 1.8510976554E+01
5.00 1.7911194365E+01 3.5315210817E-02 2.5453209283E-07 2.7413179331E-06 3.5315210817E-02 1.7911194365E+01 -2.0538528823E-06 3.5068237010E-07 2.5402739003E-07 2.0549296806E-06 1.7911134818E+01 -2.9764861332E-02 2.7410577545E-06 -3.4186360807E-07 2.9764861332E-02 1.7911134818E+01
6.00 1.7202007798E+01 4.9117868239E-02 2.6400867996E-07 2.4272731664E-06 4.9117868239E-02 1.7202007798E+01 -2.0070322047E-06 4.1702757840E-07 2.6380573369E-07 2.0087912916E-06 1.7201886217E+01 -4.2074593177E-02 2.4267448012E-06 -4.0518638523E-07 4.2074593177E-02 1.7201886217E+01
7.00 1.6396755405E+01 6.4135981143E-02 2.5887735392E-07 2.1101060416E-06 6.4135981143E-02 1.6396755405E+01 -1.9501561379E-06 4.8012725097E-07 2.5930303404E-07 1.9527844520E-06 1.6396534275E+01 -5.6019330795E-02 2.1091423720E-06 -4.6520816962E-07 5.6019330795E-02 1.6396534275E+01
8.00 1.5510279884E+01 7.9798809667E-02 2.3960789716E-07 1.7945317268E-06 7.9798809667E-02 1.5510279884E+01 -1.8831762764E-06 5.3893433219E-07 2.4105864722E-07 1.8868496694E-06 1.5509910648E+01 -7.1315733427E-02 1.7929100259E-06 -5.2103838321E-07 7.1315733427E-02 1.5509910648E+01
9.00 1.4558559286E+01 9.5503133902E-02 2.0704547465E-07 1.4850550487E-06 9.5503133902E-02 1.4558559286E+01 -1.8062045513E-06 5.9234504989E-07 2.0997691137E-07 1.8110766464E-06 1.4557982173E+01 -8.7650967226E-02 1.4824922564E-06 -5.7172212446E-07 8.7650967226E-02 1.4557982173E+01
10.00 1.3558290393E+01 1.1063366433E-01 1.6237522646E-07 1.1858841122E-06 1.1063366433E-01 1.3558290393E+01 -1.7195180971E-06 6.3923236653E-07 1.6728985969E-07 1.7257104078E-06 1.3557434817E+01 -1.0468874322E-01 1.1820343691E-06 -6.1626974481E-07 1.0468874322E-01 1.3557434817E+01
11.00 1.2526462187E+01 1.2458407675E-01 1.0707779276E-07 9.0085480667E-07 1.2458407675E-01 1.2526462187E+01 -1.6235604178E-06 6.7848345110E-07 1.1451109296E-07 1.6311540340E-06 1.2525247748E+01 -1.2207608291E-01 8.9530959613E-07 -6.5369088098E-07 1.2207608291E-01 1.2525247748E+01
12.00 1.1479932774E+01 1.3677798168E-01 4.2877464074E-08 6.3336759704E-07 1.3677798168E-01 1.1479932774E+01 -1.5189389255E-06 7.0903953384E-07 5.3382538631E-08 1.5279680096E-06 1.1478270853E+01 -1.3945072684E-01 6.2565875686E-07 -6.8303138094E-07 1.3945072684E-01 1.1478270853E+01
13.00 1.0435022697E+01 1.4668911787E-01 -2.8315130365E-08 3.8633755224E-07 1.4668911787E-01 1.0435022697E+01 -1.4064189827E-06 7.2993636414E-07 -1.4183956727E-08 1.4168662430E-06 1.0432818635E+01 -1.5644906795E-01 3.7594330691E-07 -7.0341140451E-07 1.5644906795E-01 1.0432818635E+01
14.00 9.4071367922E+00 1.5386006182E-01 -1.0446377495E-07 1.6215812243E-07 1.5386006182E-01 9.4071367922E+00 -1.2869146559E-06 7.4034345929E-07 -8.6168145147E-08 1.2987088883E-06 9.4042926063E+00 -1.7271445642E-01 1.4851216603E-07 -7.1406293035E-07 1.7271445642E-01 9.4042926063E+00
15.00 8.4104254632E+00 1.5791877153E-01 -1.8346877921E-07 -3.7321246095E-08 1.5791877153E-01 8.4104254632E+00 -1.1614764295E-06 7.3960036381E-07 -1.6050388919E-07 1.1744921345E-06 8.4068430214E+00 -1.8790568837E-01 -5.4817715993E-08 -7.1436491551E-07 1.8790568837E-01 8.4068430214E+00
16.00 7.4574946586E+00 1.5859233445E-01 -2.6322838301E-07 -2.1080395845E-07 1.5859233445E-01 7.4574946586E+00 -1.0312761561E-06 7.2724828365E-07 -2.3514056952E-07 1.0453351575E-06 7.4530792269E+00 -2.0170545911E-01 -2.3276748857E-07 -7.0387448129E-07 2.0170545911E-01 7.4530792269E+00
17.00 6.5591719352E+00 1.5571736776E-01 -3.4169750166E-07 -3.5754222835E-07 1.5571736776E-01 6.5591719352E+00 -8.9758954553E-07 7.0305566002E-07 -3.0810140405E-07 9.1246445930E-07 6.5538359710E+00 -2.1382853570E-01 -3.8459000345E-07 -6.8235268160E-07 2.1382853570E-01 6.5538359710E+00
18.00 5.7243338799E+00 1.4924662207E-01 -4.1694200409E-07 -4.7732108563E-07 1.4924662207E-01 5.7243338799E+00 -7.6177650292E-07 6.6703652691E-07 -3.7753684718E-07 7.7719583286E-07 5.7180009312E+00 -2.2402938581E-01 -5.1005195585E-07 -6.4978367255E-07 2.2402938581E-01 5.7180009312E+00
19.00 4.9597979173E+00 1.3925146579E-01 -4.8718694460E-07 -5.7043162188E-07 1.3925146579E-01 4.9597979173E+00 -6.2525962222E-07 6.1946081275E-07 -4.4177147183E-07 6.4091419647E-07 4.9524064682E+00 -2.3210899139E-01 -6.0940586087E-07 -6.0638640225E-07 2.3210899139E-01 4.9524064682E+00
20.00 4.2702792446E+00 1.2592007312E-01 -5.5085745186E-07 -6.3763483796E-07 1.2592007312E-01 4.2702792446E+00 -4.8950116414E-07 5.6085611248E-07 -4.9934303037E-07 5.0505157836E-07 4.2617863344E+00 -2.3792057976E-01 -6.8335331987E-07 -5.5261829023E-07 2.3792057976E-01 4.2617863344E+00
21.00 3.6584113940E+00 1.0955129943E-01 -6.0661128223E-07 -6.8011758757E-07 1.0955129943E-01 3.6584113940E+00 -3.5597883765E-07 4.9200082122E-07 -5.4903270639E-07 3.7106353632E-07 3.6487958318E+00 -2.4137402099E-01 -7.3300113685E-07 -4.8917071827E-07 2.4137402099E-01 3.6487958318E+00
22.00 3.1248268053E+00 9.0544396909E-02 -6.5336239319E-07 -6.9944218518E-07 9.0544396909E-02 3.1248268053E+00 -2.2616072729E-07 4.1390889069E-07 -5.8988593274E-07 2.4040433894E-07 3.1140918044E+00 -2.4243867036E-01 -7.5981189050E-07 -4.1695651274E-07 2.4243867036E-01 3.1140918044E+00
23.00 2.6682918833E+00 6.9384895185E-02 -6.9029524591E-07 -6.9749126837E-07 6.9384895185E-02 2.6682918833E+00 -1.0147972279E-07 3.2780681286E-07 -6.2122352148E-07 1.1450126770E-07 2.6564669492E+00 -2.4114447735E-01 -7.6555055709E-07 -3.3708993387E-07 2.4114447735E-01 2.6564669492E+00
24.00 2.2858893702E+00 4.6627136731E-02 -7.1686989467E-07 -6.7640947880E-07 4.6627136731E-02 2.2858893702E+00 1.6692167180E-08 2.3510375292E-07 -6.4264321897E-07 -5.2715547976E-09 2.2730312973E+00 -2.3758123760E-01 -7.5222872016E-07 -2.5085999922E-07 2.3758123760E-01 2.2730312973E+00
25.00 1.9732395460E+00 2.2874108867E-02 -7.3281826946E-07 -6.3854347767E-07 2.2874108867E-02 1.9732395460E+00 1.2706919563E-07 1.3735600000E-07 -6.5401216660E-07 -1.1761934766E-07 1.9594324074E+00 -2.3189592903E-01 -7.2204781941E-07 -1.5969821200E-07 2.3189592903E-01 1.9594324074E+00
26.00 1.7247508158E+00 -1.2446559602E-03 -7.3813235399E-07 -5.8638170843E-07 -1.2446559603E-03 1.7247508158E+00 2.2847650666E-07 3.6227116243E-08 -6.5545106386E-07 -2.2135235923E-07 1.7101048667E+00 -2.2428814589E-01 -6.7734275604E-07 -6.5141978843E-08 2.2428814589E-01 1.7101048667E+00
27.00 1.5338896686E+00 -2.5096238945E-02 -7.3304524011E-07 -5.2249521175E-07 -2.5096238945E-02 1.5338896686E+00 3.1987352072E-07 -6.6554709475E-08 -6.4731112700E-07 -3.1541049122E-07 1.5185391315E+00 -2.1500372176E-01 -6.2052703285E-07 3.1204870169E-08 2.1500372176E-01 1.5185391315E+00
28.00 1.3934598216E+00 -4.8067614598E-02 -7.1800625048E-07 -4.4948066756E-07 -4.8067614599E-02 1.3934598216E+00 4.0037555811E-07 -1.6924053991E-07 -6.3014516264E-07 -3.9888625551E-07 1.3775595719E+00 -2.0432671070E-01 -5.5404045225E-07 1.2771298106E-07 2.0432671070E-01 1.3775595719E+00
29.00 1.2958805686E+00 -6.9588087865E-02 -6.9365148187E-07 -3.6990668261E-07 -6.9588087866E-02 1.2958805686E+00 4.6927315513E-07 -2.7010423206E-07 -6.0467425048E-07 -4.7104542304E-07 1.2796017944E+00 -1.9256997094E-01 -4.8030021896E-07 2.2276830367E-07 1.9256997094E-01 1.2796017944E+00
30.00 1.2334549239E+00 -8.9149943302E-02 -6.6077121546E-07 -2.8626420470E-07 -8.9149943302E-02 1.2334549239E+00 5.2604851970E-07 -3.6748416681E-07 -5.7175162888E-07 -5.3134471723E-07 1.2169798904E+00 -1.8006466462E-01 -4.0165614456E-07 3.1481143391E-07 1.8006466462E-01 1.2169798904E+00
31.00 1.1986190496E+00 -1.0632642318E-01 -6.2027566488E-07 -2.0092177945E-07 -1.0632642318E-01 1.1986190496E+00 5.7038858268E-07 -4.5982181181E-07 -5.3232540526E-07 -5.7944591635E-07 1.1821351507E+00 -1.6714904498E-01 -3.2035048087E-07 4.0237416625E-07 1.6714904498E-01 1.1821351507E+00
32.00 1.1841656224E+00 -1.2078625658E-01 -5.7316049900E-07 -1.1608622162E-07 -1.2078625658E-01 1.1841656224E+00 6.0219412952E-07 -5.4569595761E-07 -4.8740167339E-07 -6.1522576897E-07 1.1678589543E+00 -1.5415694700E-01 -2.3848277032E-07 4.8411213108E-07 1.5415694700E-01 1.1678589543E+00
33.00 1.1834351911E+00 -1.3230410591E-01 -5.2047347341E-07 -3.3769118316E-08 -1.3230410591E-01 1.1834351911E+00 6.2158455361E-07 -6.2385168617E-07 -4.3800950651E-07 -6.3878119918E-07 1.1674839177E+00 -1.4140642530E-01 -1.5797995871E-07 5.5883259431E-07 1.4140642530E-01 1.1674839177E+00
34.00 1.1904711151E+00 -1.4076647506E-01 -4.6328335383E-07 4.4240551799E-08 -1.4076647506E-01 1.1904711151E+00 6.2889785415E-07 -6.9322339189E-07 -3.8516912350E-07 -6.5042938125E-07 1.1750389269E+00 -1.2918899153E-01 -8.0571905098E-08 6.2551674259E-07 1.2918899153E-01 1.1750389269E+00
35.00 1.2001353055E+00 -1.4617282652E-01 -4.0265210869E-07 1.1639753819E-07 -1.4617282652E-01 1.2001353055E+00 6.2468561119E-07 -7.5295143567E-07 -3.2986429387E-07 -6.5070239922E-07 1.1853652872E+00 -1.1775989229E-01 -7.7723114974E-09 6.8333602175E-07 1.1775989230E-01 1.1853652872E+00
36.00 1.2081836381E+00 -1.4863187380E-01 -3.3961112288E-07 1.8141515274E-07 -1.4863187380E-01 1.2081836381E+00 6.0970279682E-07 -8.0239228441E-07 -2.7301978912E-07 -6.4033636061E-07 1.1941928553E+00 -1.0732983662E-01 5.9134988812E-08 7.3166235624E-07 1.0732983662E-01 1.1941928553E+00
37.00 1.2113015040E+00 -1.4835324001E-01 -2.7514192014E-07 2.3827390751E-07 -1.4835324001E-01 1.2113015040E+00 5.8489243878E-07 -8.4112224798E-07 -2.1548438405E-07 -6.2025502166E-07 1.1981766040E+00 -9.8058529925E-02 1.1910452048E-07 7.7007232416E-07 9.8058529925E-02 1.1981766040E+00
38.00 1.2071014495E+00 -1.4563489139E-01 -2.1016162186E-07 2.8622415056E-07 -1.4563489139E-01 1.2071014495E+00 5.5136531698E-07 -8.6893515622E-07 -1.5801960973E-07 -5.9154817357E-07 1.1948955314E+00 -9.0050301775E-02 1.7133263202E-07 7.9834558495E-07 9.0050301775E-02 1.1948955314E+00
39.00 1.1940861839E+00 -1.4084695567E-01 -1.4551311481E-07 3.2478299042E-07 -1.4084695567E-01 1.1940861839E+00 5.1037504386E-07 -8.8583452478E-07 -1.0129416026E-07 -5.5544523507E-07 1.1828171410E+00 -8.3352029027E-02 2.1525619048E-07 8.1645805680E-07 8.3352029027E-02 1.1828171410E+00
40.00 1.1715813406E+00 -1.3441270824E-01 -8.1959652094E-08 3.5372588055E-07 -1.3441270824E-01 1.1715813406E+00 4.6328906301E-07 -8.9202092331E-07 -4.5883561200E-08 -5.1328470310E-07 1.1612318113E+00 -7.7953458985E-02 2.5054679701E-07 8.2457050191E-07 7.7953458986E-02 1.1612318113E+00
41.00 1.1396432526E+00 -1.2678764454E-01 -2.0183412067E-08 3.7307331776E-07 -1.2678764454E-01 1.1396432526E+00 4.1155625668E-07 -8.8787537438E-07 7.7255326654E-09 -4.6648028175E-07 1.1301622372E+00 -7.3789932241E-02 2.7710086055E-07 8.2301329261E-07 7.3789932241E-02 1.1301622372E+00
42.00 1.0989476051E+00 -1.1843764842E-01 3.9212638924E-08 3.8307316873E-07 -1.1843764842E-01 1.0989476051E+00 3.5667201304E-07 -8.7393968893E-07 5.9127260731E-08 -4.1648467877E-07 1.0902537172E+00 -7.0747397467E-02 2.9502589578E-07 8.1226821039E-07 7.0747397468E-02 1.0902537172E+00
43.00 1.0506651558E+00 -1.0981730675E-01 9.5700347128E-08 3.8417920067E-07 -1.0981730676E-01 1.0506651558E+00 3.0014172118E-07 -8.5089466447E-07 1.0798569376E-07 -3.6475217186E-07 1.0426513932E+00 -6.8669505288E-02 3.0462344900E-07 7.9294815531E-07 6.8669505289E-02 1.0426513932E+00
44.00 9.9633077138E-01 -1.0134940938E-01 1.4882027949E-07 3.7702643808E-07 -1.0134940938E-01 9.9633077138E-01 2.4344376251E-07 -8.1953705326E-07 1.5402227694E-07 -3.1270113695E-07 9.8887059914E-01 -6.7366470715E-02 3.0636908716E-07 7.6577562959E-07 6.7366470715E-02 9.8887059914E-01
45.00 9.3771182222E-01 -9.3406608706E-02 1.9817479295E-07 3.6240400659E-07 -9.3406608707E-02 9.3771182222E-01 1.8799311823E-07 -7.8075614571E-07 1.9700269049E-07 -2.6167776021E-07 9.3066628566E-01 -6.6625308496E-02 3.0088991828E-07 7.3156080526E-07 6.6625308497E-02 9.3066628566E-01
46.00 8.7668153499E-01 -8.6296100200E-02 2.4342108612E-07 3.4122614911E-07 -8.6296100200E-02 8.7668153499E-01 1.3510673079E-07 -7.3551071986E-07 2.3672420684E-07 -2.1292214454E-07 8.6990705195E-01 -6.6220977397E-02 2.8894014043E-07 6.9117989912E-07 6.6220977397E-02 8.6990705195E-01
47.00 8.1510226012E-01 -8.0248027255E-02 2.8426496235E-07 3.1450211901E-07 -8.0248027255E-02 8.1510226011E-01 8.5971720517E-08 -6.8480698251E-07 2.7300451665E-07 -1.6753794764E-07 8.0845869264E-01 -6.5927921688E-02 2.7137515004E-07 6.4555446138E-07 6.5927921688E-02 8.0845869264E-01
48.00 7.5472279876E-01 -7.5408120960E-02 3.2045591198E-07 2.8330565335E-07 -7.5408120960E-02 7.5472279876E-01 4.1617491133E-08 -6.2967799085E-07 3.0567285104E-07 -1.2646658116E-07 7.4808137539E-01 -6.5531473780E-02 2.4912476109E-07 5.9563205529E-07 6.5531473780E-02 7.4808137539E-01
49.00 6.9709300489E-01 -7.1834866559E-02 3.5178395399E-07 2.4874472410E-07 -7.1834866559E-02 6.9709300489E-01 2.8926305079E-09 -5.7116489052E-07 3.3456402163E-07 -9.0466827914E-08 6.9034365907E-01 -6.4838582605E-02 2.2316611213E-07 5.4236865936E-07 6.4838582605E-02 6.9034365907E-01
50.00 6.4349787397E-01 -6.9501255515E-02 3.7807849741E-07 2.1193223689E-07 -6.9501255515E-02 6.4349787397E-01 -2.9552638503E-08 -5.1030016137E-07 3.5951577490E-07 -6.0100540604E-08 6.3655558252E-01 -6.3687358631E-02 1.9449684434E-07 4.8671298502E-07 6.3687358631E-02 6.3655558252E-01
51.00 5.9491230042E-01 -6.8300947259E-02 3.9920928749E-07 1.7395831181E-07 -6.8300947259E-02 5.9491230042E-01 -5.5277896241E-08 -4.4809292188E-07 3.8036960741E-07 -3.5724850389E-08 5.8772204874E-01 -6.1954977429E-02 1.6410913813E-07 4.2959276706E-07 6.1954977429E-02 5.8772204874E-01
52.00 5.5197667660E-01 -6.8058440307E-02 4.1508930966E-07 1.3586472619E-07 -6.8058440307E-02 5.5197667660E-01 -7.4057506084E-08 -3.8551622235E-07 3.9697493806E-07 -1.7491066684E-08 5.4451674247E-01 -5.9563557561E-02 1.3296518022E-07 3.7190296621E-07 5.9563557561E-02 5.4451674247E-01
53.00 5.1499255886E-01 -6.8542650194E-02 4.2567934413E-07 9.8622035378E-08 -6.8542650194E-02 5.1499255886E-01 -8.5879022625E-08 -3.2349615847E-07 4.0919629149E-07 -5.3501891824E-09 5.0727589134E-01 -5.6483722046E-02 1.0197460752E-07 3.1449572686E-07 5.6483722046E-02 5.0727589134E-01
54.00 4.8393677947E-01 -6.9483122169E-02 4.3099371048E-07 6.3109805397E-08 -6.9483122169E-02 4.8393677947E-01 -9.0935149407E-08 -2.6290257031E-07 4.1692293383E-07 9.3529589814E-10 4.7601034890E-01 -5.2735661539E-02 7.1974425286E-08 2.5817186664E-07 5.2735661539E-02 4.7601034890E-01
55.00 4.5849166626E-01 -7.0587978506E-02 4.3110661828E-07 3.0100304176E-08 -7.0587978506E-02 4.5849166626E-01 -8.9609604819E-08 -2.0454104927E-07 4.2008022164E-07 1.7739048214E-09 4.5043377087E-01 -4.8387636647E-02 4.3711839181E-08 2.0367363166E-07 4.8387636647E-02 4.5043377087E-01
56.00 4.3808846942E-01 -7.1562620160E-02 4.2615846145E-07 2.4589489751E-10 -7.1562620160E-02 4.3808846942E-01 -8.2457468997E-08 -1.4914597297E-07 4.1864179776E-07 -2.2772957797E-09 4.3000409695E-01 -4.3551980850E-02 1.7830357246E-08 1.5167844645E-07 4.3551980850E-02 4.3000409695E-01
57.00 4.2196070093E-01 -7.2128174121E-02 4.1636135513E-07 -2.5929728180E-08 -7.2128174121E-02 4.2196070093E-01 -7.0180783146E-08 -9.7374307400E-08 4.1264168814E-07 -1.0539130596E-08 4.1397515414E-01 -3.8378788222E-02 -5.1405725560E-09 1.0279340551E-07 3.8378788222E-02 4.1397515414E-01
58.00 4.0920387463E-01 -7.2038702357E-02 4.0200322893E-07 -4.8036432259E-08 -7.2038702357E-02 4.0920387463E-01 -5.3600331896E-08 -4.9799967538E-08 4.0218534021E-07 -2.2239669779E-08 4.0145497064E-01 -3.3047585727E-02 -2.4792231911E-08 5.7550301316E-08 3.3047585727E-02 4.0145497064E-01
59.00 3.9883809155E-01 -7.1096263886E-02 3.8344984648E-07 -6.5818747700E-08 -7.1096263886E-02 3.9883809155E-01 -3.3624662941E-08 -6.9085978134E-09 3.8745868358E-07 -3.6545336828E-08 3.9146733159E-01 -2.7757392321E-02 -4.0839567534E-08 1.6401051256E-08 2.7757392321E-02 3.9146733159E-01
60.00 3.8987003808E-01 -6.9163043905E-02 3.6114422264E-07 -7.9153362770E-08 -6.9163043905E-02 3.8987003808E-01 -1.1217476505E-08 3.0907281781E-08 3.6873439169E-07 -5.2592582643E-08 3.8301321013E-01 -2.2715651381E-02 -5.3120468012E-08 -2.0286533695E-08 2.2715651381E-02 3.8301321013E-01
61.00 3.8135123712E-01 -6.6169926123E-02 3.3560304798E-07 -8.8043293983E-08 -6.6169926123E-02 3.8135123712E-01 1.2635452541E-08 6.3352724146E-08 3.4637467262E-07 -6.9518961858E-08 3.7512895631E-01 -1.8126584603E-02 -6.1591577532E-08 -5.2232605571E-08 1.8126584603E-02 3.7512895631E-01
62.00 3.7242979386E-01 -6.2121077707E-02 3.0740989646E-07 -9.2609100190E-08 -6.2121077707E-02 3.7242979386E-01 3.6958673488E-08 9.0234266650E-08 3.2083010664E-07 -8.6492518476E-08 3.6693850083E-01 -1.4179551167E-02 -6.6320953608E-08 -7.9248640423E-08 1.4179551167E-02 3.6693850083E-01
63.00 3.6239338209E-01 -5.7094330111E-02 2.7720517632E-07 -9.3077577459E-08 -5.7094330111E-02 3.6239338209E-01 6.0817694780E-08 1.1146309237E-07 2.9263426652E-07 -1.0273850155E-07 3.5769730686E-01 -1.1038003466E-02 -6.7477973668E-08 -1.0124010534E-07 1.1038003466E-02 3.5769730686E-01
64.00 3.5070179511E-01 -5.1237362219E-02 2.4567297962E-07 -8.9768426736E-08 -5.1237362219E-02 3.5070179511E-01 8.3346876351E-08 1.2705715712E-07 2.6239409650E-07 -1.1756258486E-07 3.4682635397E-01 -8.8296093061E-03 -6.5320980379E-08 -1.1820816646E-07 8.8296093060E-03 3.4682635397E-01
65.00 3.3700800655E-01 -4.4759913031E-02 2.1352517295E-07 -8.3079416456E-08 -4.4759913031E-02 3.3700800655E-01 1.0377373932E-07 1.3714195689E-07 2.3077626397E-07 -1.3036994131E-07 3.3393503364E-01 -7.6380607941E-03 -6.0183213210E-08 -1.3025013612E-07 7.6380607940E-03 3.3393503364E-01
66.00 3.2116732052E-01 -3.7922458224E-02 1.8148324859E-07 -7.3470576544E-08 -3.7922458224E-02 3.2116732052E-01 1.2143902287E-07 1.4194958756E-07 1.9848993056E-07 -1.4067972069E-07 3.1883244771E-01 -7.4970141185E-03 -5.2457612800E-08 -1.3755833819E-07 7.4970141184E-03 3.1883244771E-01
67.00 3.0323480732E-01 -3.1021967732E-02 1.5025860554E-07 -6.1447949715E-08 -3.1021967732E-02 3.0323480732E-01 1.3581200695E-07 1.4181576377E-07 1.6626659729E-07 -1.4813468458E-07 3.0152720012E-01 -8.3865054740E-03 -4.2581091891E-08 -1.4041708945E-07 8.3865054739E-03 3.0152720012E-01
68.00 2.8345179338E-01 -2.4375511096E-02 1.2053204655E-07 -4.7547397598E-08 -2.4375511096E-02 2.8345179338E-01 1.4650081880E-07 1.3717450297E-07 1.3483785229E-07 -1.5250595384E-07 2.8221633254E-01 -1.0232070918E-02 -3.1018849811E-08 -1.3919753735E-07 1.0232070918E-02 2.8221633254E-01
69.00 2.6222267864E-01 -1.8302586219E-02 9.2933353639E-08 -3.2318912735E-08 -1.8302586218E-02 2.6222267864E-01 1.5325764192E-07 1.2855025477E-07 1.0491197919E-07 -1.5369301624E-07 2.6126455263E-01 -1.2906667462E-02 -1.8249263707E-08 -1.3435017019E-07 1.2906667462E-02 2.6126455263E-01
70.00 2.4008377137E-01 -1.3107110552E-02 6.8021836787E-08 -1.6311825318E-08 -1.3107110552E-02 2.4008377137E-01 1.5597893986E-07 1.1654735198E-07 7.7150465602E-08 -1.5171931366E-07 2.3917532097E-01 -1.6235355358E-02 -4.7498223629E-09 -1.2639491298E-07 1.6235355358E-02 2.3917532097E-01
71.00 2.1766614506E-01 -9.0600286540E-03 4.6268733989E-08 -6.1220703017E-11 -9.0600286540E-03 2.1766614506E-01 1.5470098312E-07 1.0183678150E-07 5.2145474318E-08 -1.4672387328E-07 2.1655568343E-01 -2.0002563936E-02 9.0155180282E-09 -1.1590884272E-07 2.0002563936E-02 2.1655568343E-01
72.00 1.9565472513E-01 -6.3834564731E-03 2.8042280039E-08 1.5924195010E-08 -6.3834564731E-03 1.9565472513E-01 1.4959112116E-07 8.5140406605E-08 3.0399311836E-08 -1.3894956195E-07 1.9407695157E-01 -2.3961632216E-02 2.2607275988E-08 -1.0351168645E-07 2.3961632216E-02 1.9407695157E-01
73.00 1.7474590090E-01 -5.2372027683E-03 1.3596154979E-08 3.1172626638E-08 -5.2372027682E-03 1.7474590090E-01 1.4093536642E-07 6.7212914161E-08 1.2306844053E-08 -1.2872862345E-07 1.7243343899E-01 -2.7846197307E-02 3.5619513413E-08 -8.9849401262E-08 2.7846197307E-02 1.7243343899E-01
74.00 1.5560593226E-01 -5.7083862282E-03 3.0618812930E-09 4.5258042876E-08 -5.7083862282E-03 1.5560593226E-01 1.2912294940E-07 4.8821901839E-08 -1.8583210291E-09 -1.1646620386E-07 1.5230145697E-01 -3.1382904388E-02 4.7686968068E-08 -7.5576267678E-08 3.1382904387E-02 1.5230145697E-01
75.00 1.3883228654E-01 -7.8047096424E-03 -3.5544351747E-09 5.7807346112E-08 -7.8047096424E-03 1.3883228654E-01 1.1462856101E-07 3.0726648512E-08 -1.1953236310E-08 -1.0262258194E-07 1.3430066441E-01 -3.4304836860E-02 5.8490289846E-08 -6.1336043196E-08 3.4304836860E-02 1.3430066441E-01
76.00 1.2491981071E-01 -1.1451767969E-02 -6.3708197366E-09 6.8505916733E-08 -1.1451767969E-02 1.2491981071E-01 9.7993022500E-08 1.3656224349E-08 -1.7970159838E-08 -8.7694801809E-08 1.1895966360E-01 -3.6365018292E-02 6.7759513002E-08 -4.7742820750E-08 3.6365018292E-02 1.1895966360E-01
77.00 1.1423333221E-01 -1.6494564692E-02 -5.6236019732E-09 7.7101636738E-08 -1.6494564692E-02 1.1423333221E-01 7.9803114814E-08 -1.7123181236E-09 -2.0036017588E-08 -7.2198360025E-08 1.0668744865E-01 -3.7349321603E-02 7.5275970871E-08 -3.5362303116E-08 3.7349321603E-02 1.0668744865E-01
78.00 1.0698790484E-01 -2.2703200488E-02 -1.6572578949E-09 8.3407528444E-08 -2.2703200488E-02 1.0698790484E-01 6.0671260308E-08 -1.4774878306E-08 -1.8406795126E-08 -5.6649529149E-08 9.7751964474E-02 -3.7088137079E-02 8.0872911289E-08 -2.4694235882E-08 3.7088137079E-02 9.7751964474E-02
79.00 1.0323749603E-01 -2.9782490243E-02 5.0896756211E-09 8.7303159996E-08 -2.9782490243E-02 1.0323749603E-01 4.1215689456E-08 -2.5019556174E-08 -1.3457094234E-08 -4.1548817683E-08 9.2266638618E-02 -3.5466198831E-02 8.4435101167E-08 -1.6156736943E-08 3.5466198831E-02 9.2266638618E-02
80.00 1.0287246751E-01 -3.7385068853E-02 1.4102035258E-08 8.8734967219E-08 -3.7385068853E-02 1.0287246751E-01 2.2041644338E-08 -3.2043428436E-08 -5.6653040526E-09 -2.7365971637E-08 9.0185327057E-02 -3.2430047512E-02 8.5897711157E-08 -1.0073213665E-08 3.2430047512E-02 9.0185327057E-02
81.00 1.0562575604E-01 -4.5127372317E-02 2.4808090150E-08 8.7715626252E-08 -4.5127372317E-02 1.0562575604E-01 3.7240785279E-09 -3.5566127257E-08 4.4049759946E-09 -1.4526825310E-08 9.1305688069E-02 -2.7992712135E-02 8.5244751584E-08 -6.6624751981E-09 2.7992712135E-02 9.1305688069E-02
82.00 1.1108723336E-01 -5.2607736511E-02 3.6601391590E-08 8.4322583106E-08 -5.2607736511E-02 1.1108723336E-01 -1.3207784636E-08 -3.5439598034E-08 1.6126471455E-08 -3.4022140542E-09 9.5280585503E-02 -2.2235321010E-02 8.2507287916E-08 -6.0325265178E-09 2.2235321010E-02 9.5280585503E-02
83.00 1.1872533529E-01 -5.9425748361E-02 4.8863510559E-08 7.8695810816E-08 -5.9425748361E-02 1.1872533529E-01 -2.8283771930E-08 -3.1653545084E-08 2.8831822067E-08 5.7009286442E-09 1.0163674279E-01 -1.5305495288E-02 7.7761604906E-08 -8.1783825229E-09 1.5305495288E-02 1.0163674279E-01
84.00 1.2791471497E-01 -6.5201917744E-02 6.0986734430E-08 7.1034824704E-08 -6.5201917744E-02 1.2791471497E-01 -4.1103787627E-08 -2.4336237385E-08 4.1838252050E-08 1.2546246188E-08 1.0979953826E-01 -7.4125316033E-03 7.1127415430E-08 -1.2984066281E-08 7.4125316033E-03 1.0979953826E-01
85.00 1.3796840846E-01 -6.9596716204E-02 7.2395812958E-08 6.1594947528E-08 -6.9596716204E-02 1.3796840846E-01 -5.1346460250E-08 -1.3750525994E-08 5.4472326855E-08 1.6972428498E-08 1.1912256432E-01 1.1804644385E-03 6.2766133539E-08 -2.0228772424E-08 -1.1804644385E-03 1.1912256432E-01
86.00 1.4817281317E-01 -7.2328051383E-02 8.2567902443E-08 5.0682781813E-08 -7.2328051383E-02 1.4817281317E-01 -5.8775392764E-08 -2.8511899020E-10 6.6093823539E-08 1.8895553128E-08 1.2892037833E-01 1.0167182328E-02 5.2879152180E-08 -2.9596984958E-08 -1.0167182328E-02 1.2892037833E-01
87.00 1.5782367676E-01 -7.3186312597E-02 9.1049955411E-08 3.8650823031E-08 -7.3186312597E-02 1.5782367676E-01 -6.3243055700E-08 1.5558647037E-08 7.6117809649E-08 1.8309411819E-08 1.3850275842E-01 1.9210999559E-02 4.1705998238E-08 -4.0692158511E-08 -1.9210999559E-02 1.3850275842E-01
88.00 1.6626127947E-01 -7.2046230112E-02 9.7472931166E-08 2.5891135321E-08 -7.2046230112E-02 1.6626127947E-01 -6.4692405754E-08 3.3184112093E-08 8.4034128103E-08 1.5283963595E-08 1.4720874532E-01 2.7959597258E-02 2.9522180046E-08 -5.3053404386E-08 -2.7959597258E-02 1.4720874532E-01
89.00 1.7290306476E-01 -6.8874933407E-02 1.0156235627E-07 1.2828015834E-08 -6.8874933407E-02 1.7290306476E-01 -6.3156341045E-08 5.1920078636E-08 8.9423621455E-08 9.9620696301E-09 1.5443880193E-01 3.6060640727E-02 1.6636506455E-08 -6.6174484269E-08 -3.6060640727E-02 1.5443880193E-01
90.00 1.7727212616E-01 -6.3735765512E-02 1.0314493251E-07 -9.0404956146E-11 -6.3735765512E-02 1.7727212616E-01 -5.8755121058E-08 7.1044335741E-08 9.1970587201E-08 2.5546709768E-09 1.5968354949E-01 4.3177805996E-02 3.3876418405E-09 -7.9524306341E-08 -4.3177805996E-02 1.5968354949E-01
91.00 1.7902018441E-01 -5.6787603591E-02 1.0215106621E-07 -1.2401642373E-08 -5.6787603591E-02 1.7902018441E-01 -5.1691888549E-08 8.9809066985E-08 9.1471129231E-08 -6.6654292803E-09 1.6254773650E-01 4.9006406357E-02 -9.8603276381E-09 -9.2568052751E-08 -4.9006406357E-02 1.6254773650E-01
92.00 1.7794397573E-01 -4.8279641779E-02 9.8613366335E-08 -2.3639377992E-08 -4.8279641779E-02 1.7794397573E-01 -4.2246433091E-08 1.0746720959E-07 8.7837249676E-08 -1.7371021276E-08 1.6276835189E-01 5.3287881471E-02 -2.2723505082E-08 -1.0478804210E-07 -5.3287881471E-02 1.6276835189E-01
93.00 1.7399430560E-01 -3.8541801537E-02 9.2661323694E-08 -3.3344918175E-08 -3.8541801537E-02 1.7399430560E-01 -3.0767337626E-08 1.2329879566E-07 8.1096702324E-08 -2.9189025641E-08 1.6022609442E-01 5.5822455914E-02 -3.4805100142E-08 -1.1570345070E-07 -5.5822455914E-02 1.6022609442E-01
94.00 1.6727738679E-01 -2.7971138443E-02 8.4512529407E-08 -4.1079412820E-08 -2.7971138443E-02 1.6727738679E-01 -1.7662651485E-08 1.3663631112E-07 7.1388794378E-08 -4.1709958876E-08 1.5494974124E-01 5.6479352278E-02 -4.5703700194E-08 -1.2488807988E-07 -5.6479352278E-02 1.5494974124E-01
95.00 1.5804845744E-01 -1.7014803129E-02 7.4460914969E-08 -4.6436580442E-08 -1.7014803129E-02 1.5804845744E-01 -3.3892401278E-09 1.4688815088E-07 5.8956471393E-08 -5.4498169554E-08 1.4711330315E-01 5.5204052467E-02 -5.5022849089E-08 -1.3198545720E-07 -5.5204052467E-02 1.4711330315E-01
96.00 1.4669804869E-01 -6.1502799237E-03 6.2862592203E-08 -4.9055608332E-08 -6.1502799237E-03 1.4669804869E-01 1.1559025834E-08 1.5355933115E-07 4.4135146321E-08 -6.7102681354E-08 1.3702619693E-01 5.2022234676E-02 -6.2381780119E-08 -1.3672069646E-07 -5.2022234676E-02 1.3702619693E-01
97.00 1.3373162252E-01 4.1362379175E-03 5.0119936382E-08 -4.8633831237E-08 4.1362379174E-03 1.3373162252E-01 2.6664060147E-08 1.5626873326E-07 2.7338829917E-08 -7.9068465827E-08 1.2511698990E-01 4.7040166210E-02 -6.7427045127E-08 -1.3890870125E-07 -4.7040166210E-02 1.2511698990E-01
98.00 1.1974361510E-01 1.3372378720E-02 3.6664591474E-08 -4.4938736874E-08 1.3372378720E-02 1.1974361510E-01 4.1397120417E-08 1.5476229325E-07 9.0441894857E-09 -8.9947951634E-08 1.1191156425E-01 4.0441496399E-02 -6.9844679743E-08 -1.3845847500E-07 -4.0441496399E-02 1.1191156425E-01
99.00 1.0538718333E-01 2.1122013298E-02 2.2940079438E-08 -3.7818811882E-08 2.1122013298E-02 1.0538718333E-01 5.5232896246E-08 1.4892171298E-07 -1.0226800554E-08 -9.9312557135E-08 9.8006796166E-02 3.2480561413E-02 -6.9372456867E-08 -1.3537348657E-07 -3.2480561413E-02 9.8006796166E-02
100.00 9.1341151438E-02 2.7006537327E-02 9.3846729660E-09 -2.7212729737E-08 2.7006537327E-02 9.1341151438E-02 6.7663848868E-08 1.3876843964E-07 -2.9924943447E-08 -1.0676401297E-07 8.4041036304E-02 2.3472475469E-02 -6.5811713600E-08 -1.2974822141E-07 -2.3472475469E-02 8.4041036303E-02
101.00 7.8275781591E-02 3.0724017813E-02 -3.5848579472E-09 -1.3156395359E-08 3.0724017813E-02 7.8275781591E-02 7.8214488508E-08 1.2446283750E-07 -4.9491987068E-08 -1.1194522285E-07 7.0662807656E-02 1.3780432769E-02 -5.9038194262E-08 -1.2176121891E-07 -1.3780432769E-02 7.0662807656E-02
102.00 6.6819042002E-02 3.2065282237E-02 -1.5588083400E-08 4.2125979663E-09 3.2065282237E-02 6.6819042002E-02 8.6455240597E-08 1.0629865055E-07 -6.8378262767E-08 -1.1455039570E-07 5.8499197981E-02 3.8007742255E-03 -4.9011340860E-08 -1.1166504648E-07 -3.8007742257E-03 5.8499197980E-02
103.00 5.7525016054E-02 3.0926146724E-02 -2.6293875787E-08 2.4653476460E-08 3.0926146724E-02 5.7525016054E-02 9.2015525508E-08 8.4693017552E-08 -8.6059248141E-08 -1.1433417539E-07 4.8125417084E-02 -6.0535238726E-03 -3.5781482542E-08 -9.9773780990E-08 6.0535238725E-03 4.8125417084E-02
104.00 5.0845988433E-02 2.7315134809E-02 -3.5431131257E-08 4.7824042813E-08 2.7315134809E-02 5.0845988433E-02 9.4595658408E-08 6.0172450734E-08 -1.0205058369E-07 -1.1111949546E-07 4.0036915244E-02 -1.5370210403E-02 -1.9494429434E-08 -8.6448657731E-08 1.5370210403E-02 4.0036915244E-02
105.00 4.7109564305E-02 2.1356225137E-02 -4.2796983238E-08 7.3285852867E-08 2.1356225137E-02 4.7109564305E-02 9.3977172477E-08 3.3355317431E-08 -1.1592116099E-07 -1.0480389916E-07 3.4625323167E-02 -2.3755203483E-02 -3.9306023233E-10 -7.2082597944E-08 2.3755203482E-02 3.4625323167E-02
106.00 4.6501933904E-02 1.3286377334E-02 -4.8262339310E-08 1.0051285116E-07 1.3286377334E-02 4.6501933904E-02 9.0031181802E-08 4.9314678918E-09 -1.2730399272E-07 -9.5364089827E-08 3.2159283584E-02 -3.0849351914E-02 2.1184394377E-08 -5.7084340476E-08 3.0849351914E-02 3.2159283584E-02
107.00 4.9058098932E-02 3.4478119189E-03 -5.1774668381E-08 1.2890336407E-07 3.4478119187E-03 4.9058098931E-02 8.2724430892E-08 -2.4360268292E-08 -1.3590466847E-07 -8.2858513874E-08 3.2771009621E-02 -3.6343783404E-02 4.4809537235E-08 -4.1862880955E-08 3.6343783404E-02 3.2771009621E-02
108.00 5.4659542901E-02 -7.7247469139E-03 -5.3358053655E-08 1.5779520354E-07 -7.7247469141E-03 5.4659542901E-02 7.2122728517E-08 -5.3755943975E-08 -1.4150729080E-07 -6.7427828240E-08 3.6449137110E-02 -3.9993178408E-02 6.9972474248E-08 -2.6812866577E-08 3.9993178408E-02 3.6449137110E-02
109.00 6.3039470534E-02 -1.9721427201E-02 -5.3110607993E-08 1.8648349319E-07 -1.9721427201E-02 6.3039470534E-02 5.8391531042E-08 -8.2490916582E-08 -1.4397787046E-07 -4.9293163040E-08 4.3038149565E-02 -4.1626407922E-02 9.6093827053E-08 -1.2301510353E-08 4.1626407922E-02 4.3038149565E-02
110.00 7.3795378374E-02 -3.1978509150E-02 -5.1199418569E-08 2.1424069740E-07 -3.1978509150E-02 7.3795378374E-02 4.1793526053E-08 -1.0982403506E-07 -1.4326523535E-07 -2.8752158555E-08 5.2244359115E-02 -4.1154097762E-02 1.2253979234E-07 1.3425176687E-09 4.1154097761E-02 5.2244359115E-02
111.00 8.6408366822E-02 -4.3902821135E-02 -4.7853248762E-08 2.4033822051E-07 -4.3902821135E-02 8.6408366822E-02 2.2683165171E-08 -1.3506082114E-07 -1.3939957429E-07 -6.1728276779E-09 6.3648137273E-02 -3.8572824305E-02 1.4863980573E-07 1.3837886061E-08 3.8572824305E-02 6.3648137273E-02
112.00 1.0026827942E-01 -5.4898222350E-02 -4.3353276204E-08 2.6406885378E-07 -5.4898222350E-02 1.0026827942E-01 1.4982029744E-09 -1.5757492312E-07 -1.3248879261E-07 1.8014630515E-08 7.6721818721E-02 -3.3965800055E-02 1.7370623943E-07 2.4956878511E-08 3.3965800055E-02 7.6721818721E-02
113.00 1.1470347365E-01 -6.4393041123E-02 -3.8022187061E-08 2.8476928563E-07 -6.4393041123E-02 1.1470347365E-01 -2.1251587881E-08 -1.7682718638E-07 -1.2271290155E-07 4.3327868357E-08 9.0852460595E-02 -2.7500064100E-02 1.9705545881E-07 3.4529074172E-08 2.7500064100E-02 9.0852460595E-02
114.00 1.2901380200E-01 -7.1867262456E-02 -3.2211980902E-08 3.0184186124E-07 -7.1867262456E-02 1.2901380200E-01 -4.4998243638E-08 -1.9238176876E-07 -1.1031670084E-07 6.9244015298E-08 1.0536843882E-01 -1.9420344863E-02 2.1802948718E-07 4.2442479626E-08 1.9420344862E-02 1.0536843882E-01
115.00 1.4250522376E-01 -7.6878233921E-02 -2.6290865439E-08 3.1477478187E-07 -7.6878233922E-02 1.4250522376E-01 -6.9131590022E-08 -2.0391882512E-07 -9.5601039874E-08 9.5212571625E-08 1.1956870949E-01 -1.0039903306E-02 2.3601748743E-07 4.8642270424E-08 1.0039903306E-02 1.1956870949E-01
116.00 1.5452438352E-01 -7.9083688194E-02 -2.0629639911E-08 3.2315997223E-07 -7.9083688195E-02 1.5452438352E-01 -9.3016893453E-08 -2.1124339273E-07 -7.8912963236E-08 1.2066920619E-07 1.3275346251E-01 2.7121245497E-04 2.5047626204E-07 5.3127394409E-08 -2.7121245516E-04 1.3275346251E-01
117.00 1.6449148761E-01 -7.8260963704E-02 -1.5587978513E-08 3.2670791582E-07 -7.8260963704E-02 1.6449148761E-01 -1.1601362170E-07 -2.1429022419E-07 -6.0635059115E-08 1.4505006485E-07 1.4425484985E-01 1.1099970677E-02 2.6094900134E-07 5.5945363057E-08 -1.1099970677E-02 1.4425484985E-01
118.00 1.7192988296E-01 -7.4321440311E-02 -1.1501031243E-08 3.2525885877E-07 -7.4321440311E-02 1.7192988296E-01 -1.3749469457E-07 -2.1312443445E-07 -4.1174335958E-08 1.6780618206E-07 1.5346648194E-01 2.2005614886E-02 2.6708157149E-07 5.7185607471E-08 -2.2005614887E-02 1.5346648194E-01
119.00 1.7649089321E-01 -6.7319390225E-02 -8.6667583227E-09 3.1878991103E-07 -6.7319390225E-02 1.7649089321E-01 -1.5686557207E-07 -2.0793795232E-07 -2.0950953692E-08 1.8841759058E-07 1.5987045125E-01 3.2535732720E-02 2.6863572526E-07 5.6971804850E-08 -3.2535732720E-02 1.5987045125E-01
120.00 1.7797268545E-01 -5.7454669104E-02 -7.3344054570E-09 3.0741772012E-07 -5.7454669105E-02 1.7797268545E-01 -1.7358251839E-07 -1.9904188843E-07 -3.8713088892E-10 2.0640674080E-07 1.6306075830E-01 4.2242477045E-02 2.6549873302E-07 5.5453587350E-08 -4.2242477045E-02 1.6306075830E-01
121.00 1.7633221938E-01 -4.5068929726E-02 -7.6945097298E-09 2.9139655690E-07 -4.5068929726E-02 1.7633221938E-01 -1.8716940100E-07 -1.8685505461E-07 2.0103459910E-08 2.2135087385E-07 1.6276217505E-01 5.0698299178E-02 2.5768906711E-07 5.2798033132E-08 -5.0698299178E-02 1.6276217505E-01
122.00 1.7168965458E-01 -3.0635320425E-02 -9.8707955865E-09 2.7111182129E-07 -3.0635320425E-02 1.7168965458E-01 -1.9723242705E-07 -1.7188898359E-07 4.0125516990E-08 2.3289303125E-07 1.5884377744E-01 5.7510599028E-02 2.4535791688E-07 4.9181309402E-08 -5.7510599028E-02 1.5884377744E-01
123.00 1.6432494671E-01 -1.4741920753E-02 -1.3914282003E-08 2.4706914917E-07 -1.4741920753E-02 1.6432494671E-01 -2.0347229135E-07 -1.5472990799E-07 5.9310884854E-08 2.4075143631E-07 1.5132660315E-01 6.2334766080E-02 2.2878646500E-07 4.4780795049E-08 -6.2334766080E-02 1.5132660315E-01
124.00 1.5466673321E-01 1.9305452135E-03 -1.9799867783E-08 2.1987946542E-07 1.9305452133E-03 1.5466673321E-01 -2.0569330163E-07 -1.3601825566E-07 7.7326045562E-08 2.4472703544E-07 1.4038513304E-01 6.4885173782E-02 2.0837900332E-07 3.9767959500E-08 -6.4885173783E-02 1.4038513304E-01
125.00 1.4327397481E-01 1.8635904877E-02 -2.7425596717E-08 1.9024048274E-07 1.8635904877E-02 1.4327397481E-01 -2.0380915707E-07 -1.1642630299E-07 9.3878133267E-08 2.4470904302E-07 1.2634254491E-01 6.4943793032E-02 1.8465211065E-07 3.4302216265E-08 -6.4943793032E-02 1.2634254491E-01
126.00 1.3081116547E-01 3.4593585148E-02 -3.6614725181E-08 1.5891527923E-07 3.4593585148E-02 1.3081116547E-01 -1.9784517927E-07 -9.6634698207E-08 1.0871933025E-07 2.4067838737E-07 1.0965993657E-01 6.2366202299E-02 1.5822024292E-07 2.8525912400E-08 -6.2366202299E-02 1.0965993657E-01
127.00 1.1801823199E-01 4.9022251224E-02 -4.7120625958E-08 1.2670870027E-07 4.9022251224E-02 1.1801823199E-01 -1.8793692812E-07 -7.7308616162E-08 1.2164956118E-07 2.3270900570E-07 9.0919951849E-02 5.7084886994E-02 1.2977820044E-07 2.2560555736E-08 -5.7084886994E-02 9.0919951849E-02
128.00 1.0567650205E-01 6.1174621844E-02 -5.8634461696E-08 9.4442412841E-08 6.1174621844E-02 1.0567650205E-01 -1.7432526822E-07 -5.9074335842E-08 1.3251746904E-07 2.2096697932E-07 7.0805458831E-02 4.9109833317E-02 1.0008102894E-07 1.6504328347E-08 -4.9109833317E-02 7.0805458832E-02
129.00 9.4572312693E-02 7.0371953143E-02 -7.0795456904E-08 6.2929493186E-08 7.0371953143E-02 9.4572312693E-02 -1.5734808475E-07 -4.2497036998E-08 1.4121972585E-07 2.0570753859E-07 5.0074117480E-02 3.8526527195E-02 6.9921983082E-08 1.0430884536E-08 -3.8526527195E-02 5.0074117480E-02
130.00 8.5459951655E-02 7.6036655187E-02 -8.3203488857E-08 3.2949449068E-08 7.6036655187E-02 8.5459951655E-02 -1.3742896998E-07 -2.8060592274E-08 1.4769880387E-07 1.8726999797E-07 2.9529826250E-02 2.5491562654E-02 4.0109229927E-08 4.3893881764E-09 -2.5491562654E-02 2.9529826250E-02
131.00 7.9025665104E-02 7.7721545847E-02 -9.5433613395E-08 5.2245635543E-09 7.7721545847E-02 7.9025665104E-02 -1.1506331315E-07 -1.6150084905E-08 1.5193940263E-07 1.6607070855E-07 9.9921499208E-03 1.0226142788E-02 1.1441996829E-08 -1.5942936904E-09 -1.0226142788E-02 9.9921499210E-03
132.00 7.5854425213E-02 7.5134355929E-02 -1.0705204266E-07 -1.9601599186E-08 7.5134355929E-02 7.5854425212E-02 -9.0802317804E-08 -7.0377090998E-09 1.5396379109E-07 1.4259413730E-07 -7.7351000492E-03 -6.9921821154E-03 -1.5313126745E-08 -7.5153553017E-09 6.9921821154E-03 -7.7351000490E-03
133.00 7.6401031753E-02 6.8156274193E-02 -1.1763300768E-07 -4.0982763933E-08 6.8156274192E-02 7.6401031752E-02 -6.5235542297E-08 -8.7261187604E-10 1.5382637784E-07 1.1738220495E-07 -2.2894937563E-02 -2.5839151979E-02 -3.9445037953E-08 -1.3386915090E-08 2.5839151979E-02 -2.2894937563E-02
134.00 8.0966928412E-02 5.6853554583E-02 -1.2677587185E-07 -5.8484934913E-08 5.6853554583E-02 8.0966928411E-02 -3.8972606481E-08 2.3248874854E-09 1.5160786044E-07 9.1022036220E-08 -3.4806752944E-02 -4.5954398888E-02 -6.0319457005E-08 -1.9236138551E-08 4.5954398888E-02 -3.4806752944E-02
135.00 8.9683856199E-02 4.1481491419E-02 -1.3412181746E-07 -7.1797282118E-08 4.1481491419E-02 8.9683856199E-02 -1.2624728215E-08 2.6644077384E-09 1.4740932595E-07 6.4132303332E-08 -4.2893235317E-02 -6.6952597383E-02 -7.7398137362E-08 -2.5099798926E-08 6.6952597383E-02 -4.2893235317E-02
136.00 1.0250515499E-01 2.2480389412E-02 -1.3936941041E-07 -8.0738552025E-08 2.2480389412E-02 1.0250515499E-01 1.3213251307E-08 3.8181118683E-10 1.4134667332E-07 3.7348374381E-08 -4.6703665260E-02 -8.8434758681E-02 -9.0255397910E-08 -3.1019466296E-08 8.8434758681E-02 -4.6703665260E-02
137.00 1.1920517450E-01 4.6350029771E-04 -1.4228836250E-07 -8.5258794855E-08 4.6350029767E-04 1.1920517450E-01 3.7979725020E-08 -4.1692567071E-09 1.3354570487E-07 1.1306516380E-08 -4.5932719773E-02 -1.0999929113E-01 -9.8591501321E-08 -3.7036524112E-08 1.0999929113E-01 -4.5932719773E-02
138.00 1.3938688397E-01 -2.3802748851E-02 -1.4273085471E-07 -8.5436377154E-08 -2.3802748851E-02 1.3938688397E-01 6.1161486885E-08 -1.0530380257E-08 1.2413818715E-07 -1.3372554387E-08 -4.0434105544E-02 -1.3125248828E-01 -1.0224248841E-07 -4.3187216774E-08 1.3125248828E-01 -4.0434105544E-02
139.00 1.6249739316E-01 -4.9425564891E-02 -1.4063986076E-07 -8.1470423952E-08 -4.9425564891E-02 1.6249739316E-01 8.2306712017E-08 -1.8155549192E-08 1.1325911287E-07 -3.6100433460E-08 -3.0228534396E-02 -1.5181815447E-01 -1.0118617287E-07 -4.9497932568E-08 1.5181815447E-01 -3.0228534396E-02
140.00 1.8785073268E-01 -7.5418642751E-02 -1.3605401716E-07 -7.3669006944E-08 -7.5418642751E-02 1.8785073268E-01 1.0103534804E-07 -2.6431940629E-08 1.0104530847E-07 -5.6337709706E-08 -1.5505769162E-02 -1.7134613278E-01 -9.5544104179E-08 -5.5980921236E-08 1.7134613278E-01 -1.5505769162E-02
141.00 2.1465690706E-01 -1.0073978846E-01 -1.2910871686E-07 -6.2433556601E-08 -1.0073978846E-01 2.1465690706E-01 1.1704662506E-07 -3.4703598588E-08 8.7635430210E-08 -7.3610126648E-08 3.3793091599E-03 -1.8951955846E-01 -8.5579414234E-08 -6.2630635134E-08 1.8951955846E-01 3.3793091600E-03
142.00 2.4205594343E-01 -1.2433180400E-01 -1.2003325745E-07 -4.8240119663E-08 -1.2433180400E-01 2.4205594343E-01 1.3012351000E-07 -4.2297173495E-08 7.3171282007E-08 -8.7523740679E-08 2.5916439666E-02 -2.0606072022E-01 -7.1690576127E-08 -6.9420866706E-08 2.0606072022E-01 2.5916439666E-02
143.00 2.6915542669E-01 -1.4516495927E-01 -1.0914404211E-07 -3.1618205895E-08 -1.4516495927E-01 2.6915542669E-01 1.4013405411E-07 -4.8548782825E-08 5.7800278730E-08 -9.7778561861E-08 5.1455138097E-02 -2.2073546856E-01 -5.4401217752E-08 -7.6302831651E-08 2.2073546856E-01 5.1455138097E-02
144.00 2.9506984800E-01 -1.6227928066E-01 -9.6834006721E-08 -1.3128060463E-08 -1.6227928066E-01 2.9506984800E-01 1.4702970476E-07 -5.2830986498E-08 4.1678772795E-08 -1.0418014656E-07 7.9224687446E-02 -2.3335616376E-01 -3.4346247978E-08 -8.3204316607E-08 2.3335616376E-01 7.9224687446E-02
145.00 3.1896000542E-01 -1.7482486654E-01 -8.3558619237E-08 6.6627385217E-09 -1.7482486654E-01 3.1896000542E-01 1.5084076940E-07 -5.4578841238E-08 2.4975872577E-08 -1.0664861698E-07 1.0835820550E-01 -2.4378320368E-01 -1.2254662971E-08 -9.0029973693E-08 2.4378320368E-01 1.0835820550E-01
146.00 3.4007068704E-01 -1.8209849961E-01 -6.9818960372E-08 2.7202429867E-08 -1.8209849961E-01 3.4007068704E-01 1.5166932674E-07 -5.3314009766E-08 7.8773127433E-09 -1.0522461448E-07 1.3791989018E-01 -2.5192521215E-01 1.1070495414E-08 -9.6662802184E-08 2.5192521215E-01 1.3791989018E-01
147.00 3.5776493780E-01 -1.8357496168E-01 -5.6142539503E-08 4.7977046815E-08 -1.8357496168E-01 3.5776493780E-01 1.4967997182E-07 -4.8665953044E-08 -9.4111049588E-09 -1.0007175215E-07 1.6693443756E-01 -2.5773800208E-01 3.4774462355E-08 -1.0296680890E-07 2.5773800208E-01 1.6693443756E-01
148.00 3.7155335885E-01 -1.7893166334E-01 -4.3062617144E-08 6.8530346794E-08 -1.7893166334E-01 3.7155335885E-01 1.4508885646E-07 -4.0389326309E-08 -2.6660992182E-08 -9.1475219234E-08 1.9441756199E-01 -2.6122245293E-01 5.7974708179E-08 -1.0879079042E-07 2.6122245293E-01 1.9441756199E-01
149.00 3.8111710460E-01 -1.6806546940E-01 -3.1096889698E-08 8.8480895262E-08 -1.6806546940E-01 3.8111710460E-01 1.3815154115E-07 -2.8376832688E-08 -4.3620239113E-08 -7.9836310152E-08 2.1940652432E-01 -2.6242145967E-01 7.9785822886E-08 -1.1397312822E-07 2.6242145967E-01 2.1940652432E-01
150.00 3.8632351892E-01 -1.5110092053E-01 -2.0726437666E-08 1.0753561791E-07 -1.5110092053E-01 3.8632351892E-01 1.2915020520E-07 -1.2666950043E-08 -6.0013669614E-08 -6.5662789262E-08 2.4098959453E-01 -2.6141612117E-01 9.9344578863E-08 -1.1834744098E-07 2.6141612117E-01 2.4098959453E-01
151.00 3.8723367469E-01 -1.2838940693E-01 -1.2375844306E-08 1.2549927367E-07 -1.2838940693E-01 3.8723367469E-01 1.1838077156E-07 6.5538582437E-09 -7.5545795694E-08 -4.9555169141E-08 2.5833343698E-01 -2.5832133930E-01 1.1583440422E-07 -1.2174889150E-07 2.5832133930E-01 2.5833343698E-01
152.00 3.8410143639E-01 -1.0049922674E-01 -6.3953511055E-09 1.4227946345E-07 -1.0049922674E-01 3.8410143639E-01 1.0614048793E-07 2.8954628151E-08 -8.9905857367E-08 -3.2189154961E-08 2.7070750751E-01 -2.5328099859E-01 1.2850851093E-07 -1.2402091077E-07 2.5328099859E-01 2.7070750751E-01
153.00 3.7736403731E-01 -6.8196843341E-02 -3.0458368366E-09 1.5788696975E-07 -6.8196843341E-02 3.7736403731E-01 9.2716470630E-08 5.4069030053E-08 -1.0277518803E-07 -1.4294691348E-08 2.7750468736E-01 -2.4646288911E-01 1.3671095832E-07 -1.2502207323E-07 2.4646288911E-01 2.7750468736E-01
154.00 3.6762453494E-01 -3.2420024951E-02 -2.4872890459E-09 1.7243141198E-07 -3.2420024951E-02 3.6762453494E-01 7.8375660329E-08 8.1309883269E-08 -1.1383678666E-07 3.3677761865E-09 2.7825754247E-01 -2.3805352492E-01 1.3989499586E-07 -1.2463283978E-07 2.3805352492E-01 2.7825754247E-01
155.00 3.5562686439E-01 5.7561081683E-03 -4.7712838752E-09 1.8611239470E-07 5.7561081684E-03 3.5562686439E-01 6.3356567452E-08 1.0998856074E-07 -1.2278681192E-07 2.0033048240E-08 2.7264978165E-01 -2.2825299661E-01 1.3763812062E-07 -1.2276188305E-07 2.2825299661E-01 2.7264978165E-01
156.00 3.4222453375E-01 4.5158804612E-02 -9.8378140667E-09 1.9920651502E-07 4.5158804612E-02 3.4222453375E-01 4.7863096470E-08 1.3933859297E-07 -1.2934755698E-07 3.4958013994E-08 2.6052268450E-01 -2.1726998119E-01 1.2965339744E-07 -1.1935171764E-07 2.1726998119E-01 2.6052268450E-01
157.00 3.2834428429E-01 8.4561602375E-02 -1.7516611739E-08 2.1205076820E-07 8.4561602375E-02 3.2834428429E-01 3.2060642038E-08 1.6854260186E-07 -1.3328132114E-07 4.7448570755E-08 2.4187647144E-01 -2.0531701584E-01 1.1579672031E-07 -1.1438337974E-07 2.0531701584E-01 2.4187647144E-01
158.00 3.1494625984E-01 1.2273070181E-01 -2.7532910183E-08 2.2502304891E-07 1.2273070181E-01 3.1494625984E-01 1.6074547524E-08 1.9676155537E-07 -1.3440448066E-07 5.6885542916E-08 2.1686678442E-01 -1.9260612460E-01 9.6069841949E-08 -1.0787993802E-07 1.9260612460E-01 2.1686678442E-01
159.00 3.0298238411E-01 1.5847193761E-01 -3.9517393878E-08 2.3852056919E-07 1.5847193761E-01 3.0298238411E-01 -9.0895473791E-12 2.2316522431E-07 -1.3260098137E-07 6.2748507936E-08 1.8579662975E-01 -1.7934487014E-01 7.0619146546E-08 -9.9908658032E-08 1.7934487014E-01 1.8579662975E-01
160.00 2.9335472603E-01 1.9067646682E-01 -5.3019900124E-08 2.5293711531E-07 1.9067646682E-01 2.9335472603E-01 -1.6140381684E-08 2.4696266999E-07 -1.2783444080E-07 6.4636479296E-08 1.4910429536E-01 -1.6573288566E-01 3.9730297759E-08 -9.0581700912E-08 1.6573288566E-01 1.4910429536E-01
161.00 2.8687563814E-01 2.1836333822E-01 -6.7526274279E-08 2.6864011856E-07 2.1836333822E-01 2.8687563814E-01 -3.2300597298E-08 2.6743157251E-07 -1.2015805517E-07 6.2284485122E-08 1.0734788805E-01 -1.5195892607E-01 3.8190364801E-09 -8.0055291636E-08 1.5195892607E-01 1.0734788805E-01
162.00 2.8423138141E-01 2.4071723135E-01 -8.2477649232E-08 2.8594853808E-07 2.4071723135E-01 2.8423138141E-01 -4.8495385866E-08 2.8394525048E-07 -1.0972156781E-07 5.5575227030E-08 6.1187234948E-02 -1.3819846234E-01 -3.6581462082E-08 -6.8527356726E-08 1.3819846234E-01 6.1187234948E-02
163.00 2.8595080512E-01 2.5711984674E-01 -9.7291324394E-08 3.0511252770E-07 2.5711984674E-01 2.8595080512E-01 -6.4746651224E-08 2.9599630283E-07 -9.6774659922E-08 4.4545190019E-08 1.1363955567E-02 -1.2461182879E-01 -8.0836150665E-08 -5.6233689847E-08 1.2461182879E-01 1.1363955567E-02
164.00 2.9238043875E-01 2.6717368290E-01 -1.1138236502E-07 3.2629579520E-07 2.6717368290E-01 2.9238043875E-01 -8.1083496472E-08 3.0321593141E-07 -8.1666274326E-08 2.9384801058E-08 -4.1319466751E-02 -1.1134291983E-01 -1.2822598247E-07 -4.3442763103E-08 1.1134291983E-01 -4.1319466751E-02
165.00 3.0366708393E-01 2.7071724054E-01 -1.2418503271E-07 3.4956145841E-07 2.7071724054E-01 3.0366708393E-01 -9.7532703423E-08 3.0538816807E-07 -6.4839567892E-08 1.0432486873E-08 -9.6020801242E-02 -9.8518420947E-02 -1.7796742488E-07 -3.0449351077E-08 9.8518420947E-02 -9.6020801242E-02
166.00 3.1974867868E-01 2.6783103738E-01 -1.3517318472E-07 3.7486206397E-07 2.6783103738E-01 3.1974867868E-01 -1.1410922297E-07 3.0245842853E-07 -4.6822400004E-08 -1.1837249800E-08 -1.5187861436E-01 -8.6247547410E-02 -2.2923291701E-07 -1.7567179137E-08 8.6247547410E-02 -1.5187861436E-01
167.00 3.4035385847E-01 2.5883418328E-01 -1.4387885377E-07 4.0203426388E-07 2.5883418328E-01 3.4035385847E-01 -1.3080715472E-07 2.9453603550E-07 -2.8213492263E-08 -3.6831346246E-08 -2.0803156889E-01 -7.4622254627E-02 -2.8117157728E-07 -5.1208386698E-09 7.4622254627E-02 -2.0803156889E-01
168.00 3.6501027235E-01 2.4427164115E-01 -1.4990832115E-07 4.3079845326E-07 2.4427164115E-01 3.6501027235E-01 -1.4759166868E-07 2.8189059157E-07 -9.6646250491E-09 -6.3860638940E-08 -2.6363591684E-01 -6.3717875081E-02 -3.3292949992E-07 6.5627652531E-09 6.3717875081E-02 -2.6363591684E-01
169.00 3.9306134398E-01 2.2489266839E-01 -1.5295512994E-07 4.6076346676E-07 2.2489266839E-01 3.9306134398E-01 -1.6439228291E-07 2.6494232606E-07 8.1405417591E-09 -9.2166382786E-08 -3.1788075932E-01 -5.3594129273E-02 -3.8366904097E-07 1.7163159769E-08 5.3594129273E-02 -3.1788075932E-01
170.00 4.2369081155E-01 2.0162128236E-01 -1.5280963762E-07 4.9143621217E-07 2.0162128236E-01 4.2369081155E-01 -1.8109785255E-07 2.4424677400E-07 2.4510238725E-08 -1.2094975029E-07 -3.7000079280E-01 -4.4296451575E-02 -4.3258657681E-07 2.6374968782E-08 4.4296451575E-02 -3.7000079280E-01
171.00 4.5595405312E-01 1.7551990765E-01 -1.4936487165E-07 5.2223591432E-07 1.7551990765E-01 4.5595405312E-01 -1.9755355402E-07 2.2047437504E-07 3.8769996622E-08 -1.4940308034E-07 -4.1928641223E-01 -3.5857566800E-02 -4.7892832145E-07 3.3916234760E-08 3.5857566800E-02 -4.1928641223E-01
172.00 4.8881491769E-01 1.4774763050E-01 -1.4261861765E-07 5.5251243811E-07 1.4774763050E-01 4.8881491769E-01 -2.1356006364E-07 1.9438577667E-07 5.0288623894E-08 -1.7674155215E-07 -4.6509118882E-01 -2.8299249510E-02 -5.2200389989E-07 3.9536154622E-08 2.8299249510E-02 -4.6509118882E-01
173.00 5.2118654958E-01 1.1951469634E-01 -1.3267183269E-07 5.8156798376E-07 1.1951469634E-01 5.2118654958E-01 -2.2887503933E-07 1.6680379923E-07 5.8503610989E-08 -2.0223392668E-07 -5.0683687553E-01 -2.1634195853E-02 -5.6119749313E-07 4.3022015615E-08 2.1634195854E-02 -5.0683687553E-01
174.00 5.5197452480E-01 9.2035032668E-02 -1.1972362144E-07 6.0868129613E-07 9.2035032668E-02 5.5197452480E-01 -2.4321691694E-07 1.3858315028E-07 6.2944805939E-08 -2.2523102776E-07 -5.4401621057E-01 -1.5867937079E-02 -5.9597648442E-07 4.4205148408E-08 1.5867937079E-02 -5.4401621057E-01
175.00 5.8012051863E-01 6.6478654708E-02 -1.0406314103E-07 6.3313341710E-07 6.6478654708E-02 5.8012051863E-01 -2.5627093571E-07 1.1057906642E-07 6.3255250851E-08 -2.4519072611E-07 -5.7619388113E-01 -1.1000724931E-02 -6.2589764338E-07 4.2965751783E-08 1.1000724931E-02 -5.7619388113E-01
176.00 6.0464469948E-01 4.3925814744E-02 -8.6058900941E-08 6.5423393718E-07 4.3925814744E-02 6.0464469948E-01 -2.6769721538E-07 8.3616103134E-08 5.9208169843E-08 -2.6169834138E-07 -6.0300607297E-01 -7.0293219526E-03 -6.5061097683E-07 3.9236481660E-08 7.0293219526E-03 -6.0300607297E-01
177.00 6.2468509456E-01 2.5324685850E-02 -6.6145995937E-08 6.7134667197E-07 2.5324685850E-02 6.2468509456E-01 -2.7714061755E-07 5.8458283994E-08 5.0719252020E-08 -2.7448157505E-07 -6.2415906301E-01 -3.9486342195E-03 -6.6986144740E-07 3.3004731745E-08 3.9486342195E-03 -6.2415906301E-01
178.00 6.3953229715E-01 1.1454231619E-02 -4.4811852682E-08 6.8391371155E-07 1.1454231619E-02 6.3953229715E-01 -2.8424205123E-07 3.5781771394E-08 3.7853572110E-08 -2.8341933260E-07 -6.3942731112E-01 -1.7531303131E-03 -6.8348881718E-07 2.4313574271E-08 1.7531303131E-03 -6.3942731112E-01
179.00 6.4865807734E-01 2.8937100121E-03 -2.2581080364E-08 6.9147684947E-07 2.8937100122E-03 6.4865807734E-01 -2.8865081582E-07 1.6151115692E-08 2.0826723933E-08 -2.8854406242E-07 -6.4865147491E-01 -4.3799808688E-04 -6.9142589892E-07 1.3261358757E-08 4.3799808690E-04 -6.4865147491E-01
180.00 6.5173671028E-01 -6.1062265710E-16 1.5089971365E-17 6.9369550859E-07 -6.1062266999E-16 6.5173671028E-01 -2.9003752906E-07 -5.7993169525E-18 -1.5089547848E-17 -2.9003752906E-07 -6.5173671028E-01 1.6653344695E-16 -6.9369550859E-07 -5.7987346173E-18 -1.6653346043E-16 -6.5173671028E-01
