theta s11 s12 s13 s14 s21 s22 s23 s24 s31 s32 s33 s34 s41 s42 s43 s44
0.00 1.9622288703E+01 0.0000000000E+00 0.0000000000E+00 -2.3828157941E-07 0.0000000000E+00 1.9622288703E+01 6.6827553438E-07 0.0000000000E+00 0.0000000000E+00 -6.6827553438E-07 1.9622288703E+01 0.0000000000E+00 -2.3828157941E-07 0.0000000000E+00 0.0000000000E+00 1.9622288703E+01
1.00 1.9551109377E+01 1.5219695320E-03 -1.6384280431E-08 -2.0629709290E-07 1.5219695320E-03 1.9551109377E+01 6.7362698234E-07 -1.4601896000E-08 -1.6423643152E-08 -6.7362918301E-07 1.9551109279E+01 -1.2392642425E-03 -2.0629699827E-07 1.4543138157E-08 1.2392642425E-03 1.9551109279E+01
2.00 1.9338966008E+01 6.0319442362E-03 -3.3329550080E-08 -1.7175199437E-07 6.0319442362E-03 1.9338966008E+01 6.7422221356E-07 -2.8564692700E-08 -3.3496041169E-08 -6.7423989196E-07 1.9338964439E+01 -4.9324586537E-03 -1.7175164207E-07 2.8339157666E-08 4.9324586537E-03 1.9338964439E+01
3.00 1.8990003778E+01 1.3363899066E-02 -5.0505403012E-08 -1.3524439691E-07 1.3363899066E-02 1.8990003778E+01 6.6987689642E-07 -4.1714255358E-08 -5.0898453975E-08 -6.6993661367E-07 1.8989995886E+01 -1.1006204139E-02 -1.3524459707E-07 4.1230815421E-08 1.1006204139E-02 1.8989995886E+01
4.00 1.8511003909E+01 2.3247150992E-02 -6.7576431898E-08 -9.7420443185E-08 2.3247150992E-02 1.8511003909E+01 6.6048685004E-07 -5.3905390775E-08 -6.8304214497E-08 -6.6062806706E-07 1.8510979209E+01 -1.9339521392E-02 -9.7424237169E-08 5.3092919066E-08 1.9339521392E-02 1.8510979209E+01
5.00 1.7911196990E+01 3.5315216624E-02 -8.4210517845E-08 -5.8959085636E-08 3.5315216624E-02 1.7911196990E+01 6.4603452983E-07 -6.5024732929E-08 -8.5386572977E-08 -6.4630879901E-07 1.7911137441E+01 -2.9765819252E-02 -5.8972973626E-08 6.3834624724E-08 2.9765819252E-02 1.7911137441E+01
6.00 1.7202010361E+01 4.9117854522E-02 -1.0008690096E-07 -2.0556002479E-08 4.9117854522E-02 1.7202010361E+01 6.2659358540E-07 -7.4992540760E-08 -1.0182640280E-07 -6.2706333715E-07 1.7201888778E+01 -4.2075694600E-02 -2.0591082533E-08 7.3400583345E-08 4.2075694600E-02 1.7201888778E+01
7.00 1.6396757878E+01 6.4135940724E-02 -1.1490379554E-07 1.7092921346E-08 6.4135940724E-02 1.6396757878E+01 6.0233124327E-07 -8.3763358297E-08 -1.1731954701E-07 -6.0306819829E-07 1.6396536744E+01 -5.6020552896E-02 1.7019961776E-08 8.1770899714E-08 5.6020552896E-02 1.6396536744E+01
8.00 1.5510282241E+01 7.9798735905E-02 -1.2838533427E-07 5.3308115201E-08 7.9798735905E-02 1.5510282241E+01 5.7350832229E-07 -9.1325520538E-08 -1.3158360318E-07 -5.7459157200E-07 1.5509912999E+01 -7.1317051575E-02 5.3174213101E-08 8.8959902153E-08 7.1317051575E-02 1.5509912999E+01
9.00 1.4558561503E+01 9.5503021001E-02 -1.4028765770E-07 8.7442412226E-08 9.5503021001E-02 1.4558561503E+01 5.4047676147E-07 -9.7699533245E-08 -1.4436397439E-07 -5.4199056966E-07 1.4557984382E+01 -8.7652355627E-02 8.7217602463E-08 9.5013766440E-08 8.7652355627E-02 1.4557984382E+01
10.00 1.3558292449E+01 1.1063350761E-01 -1.5040399028E-07 1.1889628361E-07 1.1063350761E-01 1.3558292449E+01 5.0367462678E-07 -1.0293539686E-07 -1.5543903580E-07 -5.0570601490E-07 1.3557436864E+01 -1.0469017557E-01 1.1854348019E-07 1.0000708017E-07 1.0469017557E-01 1.3557436864E+01
11.00 1.2526464066E+01 1.2458387289E-01 -1.5856859194E-07 1.4713182160E-07 1.2458387289E-01 1.2526464066E+01 4.6361863327E-07 -1.0710898474E-07 -1.6462431101E-07 -4.6625481957E-07 1.2525249615E+01 -1.2207753308E-01 1.4660694636E-07 1.0403847448E-07 1.2207753308E-01 1.2525249615E+01
12.00 1.1479934463E+01 1.3677772886E-01 -1.6465950621E-07 1.7168510932E-07 1.3677772886E-01 1.1479934463E+01 4.2089432139E-07 -1.1031762088E-07 -1.7177558062E-07 -4.2422009005E-07 1.1478272527E+01 -1.3945216948E-01 1.7093759665E-07 1.0722548557E-07 1.3945216948E-01 1.1478272527E+01
13.00 1.0435024187E+01 1.4668881590E-01 -1.6860007465E-07 1.9217665678E-07 1.4668881590E-01 1.0435024187E+01 3.7614409366E-07 -1.1267503202E-07 -1.7679089001E-07 -3.8023917359E-07 1.0432820109E+01 -1.5645047909E-01 1.9115034942E-07 1.0969883864E-07 1.5645047909E-01 1.0432820109E+01
14.00 9.4071380783E+00 1.5385971218E-01 -1.7035922390E-07 2.0831963314E-07 1.5385971218E-01 9.4071380783E+00 3.3005340794E-07 -1.1430588134E-07 -1.7961145491E-07 -3.3498994233E-07 9.4042938736E+00 -1.7271581404E-01 2.0695406916E-07 1.1159637941E-07 1.7271581404E-01 9.4042938736E+00
15.00 8.4104265447E+00 1.5791837734E-01 -1.6995057016E-07 2.1992569524E-07 1.5791837734E-01 8.4104265447E+00 2.8333549201E-07 -1.1534008837E-07 -1.8022149797E-07 -2.8917567791E-07 8.4068440821E+00 -1.8790697286E-01 2.1815776892E-07 1.1305687536E-07 1.8790697286E-01 8.4068440821E+00
16.00 7.4574955385E+00 1.5859190038E-01 -1.6743042731E-07 2.2690825986E-07 1.5859190038E-01 7.4574955385E+00 2.3671499821E-07 -1.1590717358E-07 -1.7864708503E-07 -2.4350897137E-07 7.4530800843E+00 -2.0170665364E-01 2.2467422191E-07 1.1421394278E-07 2.0170665364E-01 7.4530800843E+00
17.00 6.5591726202E+00 1.5571689986E-01 -1.6289482684E-07 2.2928315364E-07 1.5571689986E-01 6.5591726202E+00 1.9091107319E-07 -1.1613083977E-07 -1.7495404784E-07 -1.9869510629E-07 6.5538366320E+00 -2.1382962655E-01 2.2652089800E-07 1.1519032720E-07 2.1382962655E-01 6.5538366320E+00
18.00 5.7243343799E+00 1.4924612757E-01 -1.5647568992E-07 2.2716663436E-07 1.4924612757E-01 5.7243343799E+00 1.4662033810E-07 -1.1612400908E-07 -1.6924510737E-07 -1.5541541097E-07 5.7180014064E+00 -2.2403036255E-01 2.2381820150E-07 1.1609277087E-07 2.2403036255E-01 5.7180014064E+00
19.00 4.9597982452E+00 1.3925095286E-01 -1.4833630556E-07 2.2077085887E-07 1.3925095286E-01 4.9597982452E+00 1.0450029766E-07 -1.1598450324E-07 -1.6165632195E-07 -1.1431108602E-07 4.9524067709E+00 -2.3210984696E-01 2.1678506967E-07 1.1700766642E-07 2.3210984696E-01 4.9524067709E+00
20.00 4.2702794159E+00 1.2591955055E-01 -1.3866628463E-07 2.1039693267E-07 1.2591955055E-01 4.2702794159E+00 6.5153683434E-08 -1.1579153748E-07 -1.5235299708E-07 -7.5967999021E-08 4.2617864806E+00 -2.3792131051E-01 2.0573205353E-07 1.1799767601E-07 2.3792131051E-01 4.2617864806E+00
21.00 3.6584114261E+00 1.0955077634E-01 -1.2767615844E-07 1.9642575720E-07 1.0955077634E-01 3.6584114261E+00 2.9114223830E-08 -1.1560315217E-07 -1.4152519119E-07 -4.0902923048E-08 3.6487958396E+00 -2.4137462658E-01 1.9105208678E-07 1.1909944494E-07 2.4137462658E-01 3.6487958396E+00
22.00 3.1248267172E+00 9.0543882407E-02 -1.1559179989E-07 1.7930693763E-07 9.0543882407E-02 3.1248267172E+00 -3.1657198199E-09 -1.1545467812E-07 -1.2938295958E-07 -9.5516426408E-09 3.1140916934E+00 -2.4243915353E-01 1.7320919934E-07 1.2032250616E-07 2.4243915353E-01 3.1140916934E+00
23.00 2.6682916953E+00 6.9384398069E-02 -1.0264882261E-07 1.5954608415E-07 6.9384398069E-02 2.6682916953E+00 -3.1325253123E-08 -1.1535827565E-07 -1.1615145826E-07 1.7740691830E-08 2.6564667400E+00 -2.4114484369E-01 1.5272550735E-07 1.2164941101E-07 2.4114484369E-01 2.6564667400E+00
24.00 2.2858891027E+00 4.6626665177E-02 -8.9087117718E-08 1.3769086903E-07 4.6626665177E-02 2.2858891027E+00 -5.5102471378E-08 -1.1530355218E-07 -1.0206603417E-07 4.0726663856E-08 2.2730310110E+00 -2.3758149520E-01 1.3016684539E-07 1.2303708124E-07 2.3758149520E-01 2.2730310110E+00
25.00 1.9732392198E+00 2.2873670158E-02 -7.5145657533E-08 1.1431625127E-07 2.2873670158E-02 1.9732392198E+00 -7.4339168105E-08 -1.1525920846E-07 -8.7367403747E-08 5.9260922738E-08 1.9594320652E+00 -2.3189608809E-01 1.0612746220E-07 1.2441931685E-07 2.3189608809E-01 1.9594320652E+00
26.00 1.7247504509E+00 -1.2450556644E-03 -6.1057682162E-08 9.0009290233E-08 -1.2450556644E-03 1.7247504509E+00 -8.8982585364E-08 -1.1517562678E-07 -7.2297012132E-08 7.3301616638E-08 1.7101044889E+00 -2.2428821828E-01 8.1214216275E-08 1.2571035164E-07 2.2428821828E-01 1.7101044889E+00
27.00 1.5338892842E+00 -2.5096594798E-02 -4.7046364855E-08 6.5353988765E-08 -2.5096594798E-02 1.5338892842E+00 -9.9084165667E-08 -1.1498827012E-07 -5.7092653381E-08 8.2908897298E-08 1.5185387375E+00 -2.1500372055E-01 5.6030731407E-08 1.2680929989E-07 2.1500372055E-01 1.5185387375E+00
28.00 1.3934594356E+00 -4.8067923195E-02 -3.3321020713E-08 4.0916597801E-08 -4.8067923195E-02 1.3934594356E+00 -1.0479535739E-07 -1.1462172998E-07 -4.1984408082E-08 8.8240556319E-08 1.3775591797E+00 -2.0432664968E-01 3.1161969630E-08 1.2760530009E-07 2.0432664968E-01 1.3775591797E+00
29.00 1.2958801970E+00 -6.9588347317E-02 -2.0073911364E-08 1.7231795108E-08 -6.9588347317E-02 1.2958801970E+00 -1.0636063588E-07 -1.1399423538E-07 -2.7190951565E-08 8.9544959433E-08 1.2796014200E+00 -1.9256986417E-01 7.1596620644E-09 1.2798313457E-07 1.9256986417E-01 1.2796014200E+00
30.00 1.2334545807E+00 -8.9150153249E-02 -7.4776650854E-09 -5.2098733530E-09 -8.9150153249E-02 1.2334545807E+00 -1.0410798304E-07 -1.1302241371E-07 -1.2916262990E-08 8.7151523255E-08 1.2169795477E+00 -1.8006452598E-01 -1.5470981796E-08 1.2782907728E-07 1.8006452598E-01 1.2169795477E+00
31.00 1.1986187465E+00 -1.0632658475E-01 4.3166804175E-09 -2.5972951668E-08 -1.0632658475E-01 1.1986187465E+00 -9.8437164980E-08 -1.1162609139E-07 6.5323816526E-10 8.1459071163E-08 1.1821348510E+00 -1.6714888770E-01 -3.6282916255E-08 1.2703672003E-07 1.6714888770E-01 1.1821348510E+00
32.00 1.1841653684E+00 -1.2078637227E-01 1.5181024993E-08 -4.4686143146E-08 -1.2078637227E-01 1.1841653684E+00 -8.9806215060E-08 -1.0973291892E-07 1.3351111309E-08 7.2922470411E-08 1.1678587065E+00 -1.5415678336E-01 -5.4896931991E-08 1.2551252317E-07 1.5415678336E-01 1.1678587065E+00
33.00 1.1834349930E+00 -1.3230417945E-01 2.5010976998E-08 -6.1049265668E-08 -1.3230417945E-01 1.1834349930E+00 -7.8716582485E-08 -1.0728261624E-07 2.5032866737E-08 6.2038001664E-08 1.1674837277E+00 -1.4140626626E-01 -7.1009102404E-08 1.2318084952E-07 1.4140626626E-01 1.1674837277E+00
34.00 1.1904709766E+00 -1.4076651123E-01 3.3726082606E-08 -7.4837943117E-08 -1.4076651123E-01 1.1904709766E+00 -6.5697458231E-08 -1.0423065802E-07 3.5577480642E-08 4.9327961132E-08 1.1750387983E+00 -1.2918884648E-01 -8.4395827427E-08 1.1998826933E-07 1.2918884648E-01 1.1750387983E+00
35.00 1.2001352280E+00 -1.4617283088E-01 4.1269569370E-08 -8.5905950068E-08 -1.4617283088E-01 1.2001352280E+00 -5.1289801250E-08 -1.0055123780E-07 4.4888459054E-08 3.5325004980E-08 1.1853652204E+00 -1.1775976888E-01 -9.4916368007E-08 1.1590694637E-07 1.1775976888E-01 1.1853652204E+00
36.00 1.2081836203E+00 -1.4863185248E-01 4.7607657853E-08 -9.4185213006E-08 -1.4863185248E-01 1.2081836203E+00 -3.6030595601E-08 -9.6239392805E-08 5.2894452419E-08 2.0556751194E-08 1.1941928486E+00 -1.0732974063E-01 -1.0251285892E-07 1.1093696603E-07 1.0732974063E-01 1.1941928486E+00
37.00 1.2113015422E+00 -1.4835319943E-01 5.2728502596E-08 -9.9683539595E-08 -1.4835319943E-01 1.2113015422E+00 -2.0437849872E-08 -9.1312201752E-08 5.9549428128E-08 5.5311347113E-09 1.1981766530E+00 -9.8058465233E-02 -1.0720786177E-07 1.0510750406E-07 9.8058465233E-02 1.1981766530E+00
38.00 1.2071015381E+00 -1.4563483797E-01 5.6640822107E-08 -1.0248022610E-07 -1.4563483797E-01 1.2071015381E+00 -4.9968159116E-09 -8.5809016933E-08 6.4832409025E-08 -9.2770232740E-09 1.1948956297E+00 -9.0050270368E-02 -1.0909960805E-07 9.8476792500E-08 9.0050270368E-02 1.1948956297E+00
39.00 1.1940863151E+00 -1.4084689561E-01 5.9372279548E-08 -1.0271975547E-07 -1.4084689561E-01 1.1940863151E+00 9.8521535244E-09 -7.9790728060E-08 6.8746792144E-08 -2.3437827389E-08 1.1828172804E+00 -8.3352031104E-02 -1.0835515173E-07 9.1130884196E-08 8.3352031104E-02 1.1828172804E+00
40.00 1.1715815052E+00 -1.3441264725E-01 6.0967669278E-08 -1.0060385869E-07 -1.3441264725E-01 1.1715815052E+00 2.3723752706E-08 -7.3338102856E-08 7.1319261833E-08 -3.6576159889E-08 1.1612319822E+00 -7.7953493103E-02 -1.0520172113E-07 8.3181274677E-08 7.7953493103E-02 1.1612319822E+00
41.00 1.1396434403E+00 -1.2678758768E-01 6.1486965064E-08 -9.6382257824E-08 -1.2678758768E-01 1.1396434403E+00 3.6295605877E-08 -6.6549285628E-08 7.2598321285E-08 -4.8379313785E-08 1.1301624287E+00 -7.3789995511E-02 -9.9916612524E-08 7.4761484984E-08 7.3789995511E-02 1.1301624287E+00
42.00 1.0989478046E+00 -1.1843759987E-01 6.1003275158E-08 -9.0342443886E-08 -1.1843759987E-01 1.0989478046E+00 4.7313699987E-08 -5.9536570147E-08 7.2652466082E-08 -5.8602231033E-08 1.0902539178E+00 -7.0747485801E-02 -9.2816010906E-08 6.6022752671E-08 7.0747485801E-02 1.0902539178E+00
43.00 1.0506653553E+00 -1.0981726973E-01 5.9600751532E-08 -8.2798863265E-08 -1.0981726973E-01 1.0506653553E+00 5.6595282052E-08 -5.2422593236E-08 7.1568037969E-08 -6.7070267688E-08 1.0426515910E+00 -6.8669613664E-02 -8.4243149285E-08 5.7129014900E-08 6.8669613664E-02 1.0426515910E+00
44.00 9.9633095910E-01 -1.0134938603E-01 5.7372487703E-08 -7.4081894188E-08 -1.0134938603E-01 9.9633095910E-01 6.4029226379E-08 -4.5336116260E-08 6.9446796276E-08 -7.3679494135E-08 9.8887078230E-01 -6.7366593464E-02 -7.4556230666E-08 4.8251394432E-08 6.7366593464E-02 9.8887078230E-01
45.00 9.3771198659E-01 -9.3406600099E-02 5.4418441687E-08 -6.4526985303E-08 -9.3406600099E-02 9.3771198659E-01 6.9573975192E-08 -3.8407575766E-08 6.6403259700E-08 -7.8394634380E-08 9.3066644274E-01 -6.6625439599E-02 -6.4116529337E-08 3.9562416581E-08 6.6625439599E-02 9.3066644274E-01
46.00 8.7668166507E-01 -8.6296106333E-02 5.0843410413E-08 -5.4464309154E-08 -8.6296106333E-02 8.7668166507E-01 7.3253240554E-08 -3.1764590607E-08 6.2561872806E-08 -8.1244828870E-08 8.6990717229E-01 -6.6221110767E-02 -5.3277069660E-08 3.1230193349E-08 6.6221110767E-02 8.6990717229E-01
47.00 8.1510234593E-01 -8.0248047124E-02 4.6755079816E-08 -4.4209249255E-08 -8.0248047124E-02 8.1510234593E-01 7.5149732716E-08 -2.5527610190E-08 5.8054060382E-08 -8.2317479675E-08 8.0845876661E-01 -6.5928051448E-02 -4.2372244548E-08 2.3412807945E-08 6.5928051448E-02 8.0845876661E-01
48.00 7.5472283156E-01 -7.5408152669E-02 4.2262172762E-08 -3.4053993748E-08 -7.5408152669E-02 7.5472283156E-01 7.5397247305E-08 -1.9805876628E-08 5.3015239860E-08 -8.1750501400E-08 7.4808139471E-01 -6.5531594502E-02 -3.1708685877E-08 1.6253118214E-08 6.5531594502E-02 7.4808139471E-01
49.00 6.9709297742E-01 -7.1834907465E-02 3.7472709765E-08 -2.4260457860E-08 -7.1834907465E-02 6.9709297742E-01 7.4171489153E-08 -1.4693858139E-08 4.7581861250E-08 -7.9723343956E-08 6.9034361703E-01 -6.4838689525E-02 -2.1557642958E-08 9.8741782357E-09 6.4838689525E-02 6.9034361703E-01
50.00 6.4349778063E-01 -6.9501302405E-02 3.2492397057E-08 -1.5054695929E-08 -6.9501302405E-02 6.4349778063E-01 7.1680045969E-08 -1.0268284658E-08 4.1888547625E-08 -7.6447186900E-08 6.3655547412E-01 -6.3687447816E-02 -1.2149055658E-08 4.3754444809E-09 6.3687447816E-02 6.3655547412E-01
51.00 5.9491213745E-01 -6.8300996547E-02 2.7423153370E-08 -6.6229013183E-09 -6.8300996547E-02 5.9491213745E-01 6.8151938569E-08 -6.5858881997E-09 3.6065406807E-08 -7.2154717252E-08 5.8772187082E-01 -6.1955045905E-02 -3.6674374041E-09 -1.7010296637E-10 6.1955045905E-02 5.8772187082E-01
52.00 5.5197644213E-01 -6.8058488239E-02 2.2361784381E-08 8.9097039451E-10 -6.8058488239E-02 5.5197644213E-01 6.3827171593E-08 -3.6819198371E-09 3.0235580501E-08 -6.7089899441E-08 5.4451649378E-01 -5.9563603386E-02 3.7503894169E-09 -3.7178327394E-09 5.9563603386E-02 5.4451649378E-01
53.00 5.1499225298E-01 -6.8542693060E-02 1.7398811413E-08 7.3859846835E-09 -6.8542693060E-02 5.1499225298E-01 5.8946687626E-08 -1.5694774895E-09 2.4513089210E-08 -6.1498124770E-08 5.0727557253E-01 -5.6483744339E-02 1.0015739014E-08 -6.2522838895E-09 5.6483744339E-02 5.0727557253E-01
54.00 4.8393640417E-01 -6.9483156504E-02 1.2617458488E-08 1.2803501708E-08 -6.9483156504E-02 4.8393640417E-01 5.3743091253E-08 -2.3964798951E-10 1.9001021395E-08 -5.5617092569E-08 4.7600996246E-01 -5.2735660457E-02 1.5086786113E-08 -7.7869324768E-09 5.2735660457E-02 4.7600996246E-01
55.00 4.5849122540E-01 -7.0588001275E-02 8.0928006107E-09 1.7125079928E-08 -7.0588001275E-02 4.5849122540E-01 4.8432459576E-08 3.3757074452E-10 1.3790103451E-08 -4.9668726356E-08 4.5043332106E-01 -4.8387613324E-02 1.8965731706E-08 -8.3629459394E-09 4.8387613324E-02 4.5043332106E-01
56.00 4.3808796857E-01 -7.1562628919E-02 3.8910741908E-09 2.0369188603E-08 -7.1562628919E-02 4.3808796857E-01 4.3207494684E-08 2.1162813973E-10 8.9576738171E-09 -4.3852369989E-08 4.3000358964E-01 -4.3551937290E-02 2.1694621616E-08 -8.0470028120E-09 4.3551937290E-02 4.3000358964E-01
57.00 4.2196014723E-01 -7.2128167142E-02 6.9147604038E-11 2.2586943947E-08 -7.2128167142E-02 4.2196014723E-01 3.8232202207E-08 -5.5084873822E-10 4.5670680456E-09 -3.8339439670E-08 4.1397459663E-01 -3.8378727164E-02 2.3350072252E-08 -6.9282935996E-09 3.8378727164E-02 4.1397459663E-01
58.00 4.0920327656E-01 -7.2038678721E-02 -3.3258510350E-09 2.3857104714E-08 -7.2038678721E-02 4.0920327656E-01 3.3638207671E-08 -1.8688428382E-09 6.6740785823E-10 -3.3269639030E-08 4.0145437146E-01 -3.3047510480E-02 2.4037184058E-08 -5.1148438762E-09 3.3047510480E-02 4.0145437146E-01
59.00 3.9883745871E-01 -7.1096223533E-02 -6.2567525336E-09 2.4280574105E-08 -7.1096223533E-02 3.9883745871E-01 2.9522746001E-08 -3.6501240463E-09 -2.7062265044E-09 -2.8748771803E-08 3.9146670024E-01 -2.7757306586E-02 2.3882937864E-08 -2.7293238421E-09 2.7757306586E-02 3.9146670024E-01
60.00 3.8986938093E-01 -6.9162987642E-02 -8.6964191501E-09 2.3974656141E-08 -6.9162987642E-02 3.8986938093E-01 2.5948284906E-08 -5.7946778983E-09 -5.5322773247E-09 -2.4848115654E-08 3.8301255684E-01 -2.2715559063E-02 2.3029371183E-08 9.5479375562E-11 2.2715559063E-02 3.8301255684E-01
61.00 3.8135056668E-01 -6.6169855587E-02 -1.0627677295E-08 2.3067301762E-08 -6.6169855587E-02 3.8135056668E-01 2.2943676138E-08 -8.1982453737E-09 -7.8018890221E-09 -2.1605258511E-08 3.7512829178E-01 -1.8126489620E-02 2.1626817288E-08 3.2213459369E-09 1.8126489620E-02 3.7512829178E-01
62.00 3.7242912145E-01 -6.2120995292E-02 -1.2043118217E-08 2.1691563287E-08 -6.2120995292E-02 3.7242912144E-01 2.0506668026E-08 -1.0755832886E-08 -9.5178412606E-09 -1.9026241720E-08 3.6693783593E-01 -1.4179457275E-02 1.9827470154E-08 6.5092827061E-09 1.4179457275E-02 3.6693783593E-01
63.00 3.6239271901E-01 -5.7094238856E-02 -1.2944775649E-08 1.9980445024E-08 -5.7094238856E-02 3.6239271901E-01 1.8607562987E-08 -1.3365063489E-08 -1.0693296617E-08 -1.7088808511E-08 3.5769665239E-01 -1.1037914090E-02 1.7779500983E-08 9.8239907281E-09 1.1037914090E-02 3.5769665239E-01
64.00 3.5070115238E-01 -5.1237265665E-02 -1.3343689150E-08 1.8062306781E-08 -5.1237265665E-02 3.5070115238E-01 1.7193766349E-08 -1.5929250186E-08 -1.1350426097E-08 -1.5746521837E-08 3.4682572040E-01 -8.8295274044E-03 1.5621914299E-08 1.3037985864E-08 8.8295274044E-03 3.4682572040E-01
65.00 3.3700739461E-01 -4.4759815058E-02 -1.3259361047E-08 1.6056937459E-08 -4.4759815058E-02 3.3700739461E-01 1.6194951851E-08 -1.8360091857E-08 -1.1518973677E-08 -1.4933497463E-08 3.3393443085E-01 -7.6379887426E-03 1.3480282761E-08 1.6035241623E-08 7.6379887426E-03 3.3393443085E-01
66.00 3.2116674902E-01 -3.7922362865E-02 -1.2719116764E-08 1.4072377368E-08 -3.7922362865E-02 3.2116674902E-01 1.5528555691E-08 -2.0579912219E-08 -1.1234819958E-08 -1.4569485856E-08 3.1883188479E-01 -7.4969536322E-03 1.1463451560E-08 1.8714247936E-08 7.4969536322E-03 3.1883188479E-01
67.00 3.0323428485E-01 -3.1021878989E-02 -1.1757375637E-08 1.2202527247E-08 -3.1021878989E-02 3.0323428485E-01 1.5105319839E-08 -2.2523385469E-08 -1.0538595183E-08 -1.4565046341E-08 3.0152668516E-01 -8.3864575613E-03 9.6612523762E-09 2.0990408246E-08 8.3864575613E-03 3.0152668516E-01
68.00 2.8345132729E-01 -2.4375432745E-02 -1.0414840722E-08 1.0525545569E-08 -2.4375432745E-02 2.8345132729E-01 1.4834619722E-08 -2.4138716292E-08 -9.4743851485E-09 -1.4826570616E-08 2.8221587245E-01 -1.0232035871E-02 8.1432200744E-09 2.2797727094E-08 1.0232035871E-02 2.8221587245E-01
69.00 2.6222227489E-01 -1.8302521638E-02 -8.7376153430E-09 9.1030006124E-09 -1.8302521638E-02 2.6222227489E-01 1.4629341817E-08 -2.5388265254E-08 -8.0885620962E-09 -1.5260941665E-08 2.6126415305E-01 -1.2906644880E-02 6.9582605763E-09 2.4089769594E-08 1.2906644880E-02 2.6126415305E-01
70.00 2.4008343441E-01 -1.3107062560E-02 -6.7762543523E-09 7.9797154063E-09 -1.3107062560E-02 2.4008343441E-01 1.4410114499E-08 -2.6248634356E-08 -6.4287614082E-09 -1.5779649190E-08 2.3917498612E-01 -1.6235344207E-02 6.1351810121E-09 2.4839903687E-08 1.6235344207E-02 2.3917498612E-01
71.00 2.1766587774E-01 -9.0599993730E-03 -4.5847586633E-09 7.1842212894E-09 -9.0599993731E-03 2.1766587774E-01 1.4108741195E-08 -2.6710247253E-08 -4.5430134588E-09 -1.6302224543E-08 2.1655541607E-01 -2.0002562632E-02 5.6839635809E-09 2.5040861149E-08 2.0002562632E-02 2.1655541607E-01
72.00 1.9565452865E-01 -6.3834472269E-03 -2.2195222642E-09 6.7297192385E-09 -6.3834472269E-03 1.9565452865E-01 1.3670735479E-08 -2.6776476923E-08 -2.4790287209E-09 -1.6758904039E-08 1.9407675299E-01 -2.3961638735E-02 5.5976422257E-09 2.4703676692E-08 2.3961638735E-02 1.9407675299E-01
73.00 1.7474577485E-01 -5.2372140148E-03 2.6175690355E-10 6.6154389593E-09 -5.2372140148E-03 1.7474577485E-01 1.3056908418E-08 -2.6462388263E-08 -2.8362540622E-10 -1.7092474605E-08 1.7243330897E-01 -2.7846209313E-02 5.8546282606E-09 2.3856083669E-08 2.7846209313E-02 1.7243330897E-01
74.00 1.5560587467E-01 -5.7084175311E-03 2.8011897508E-09 6.8282842366E-09 -5.7084175311E-03 1.5560587467E-01 1.2244010607E-08 -2.5793173061E-08 1.9977196373E-09 -1.7259301912E-08 1.5230139386E-01 -3.1382919367E-02 6.4213280609E-09 2.2540458691E-08 3.1382919367E-02 1.5230139386E-01
75.00 1.3883229392E-01 -7.8047596824E-03 5.3418172277E-09 7.3446557673E-09 -7.8047596824E-03 1.3883229392E-01 1.1224478238E-08 -2.4802361841E-08 4.3212209728E-09 -1.7229581651E-08 1.3430066520E-01 -3.4304852269E-02 7.2548991487E-09 2.0811417862E-08 3.4304852269E-02 1.3430066520E-01
76.00 1.2491987825E-01 -1.1451834595E-02 7.8287218157E-09 8.1323528054E-09 -1.1451834595E-02 1.2491987825E-01 1.0005374510E-08 -2.3529899574E-08 6.6450623437E-09 -1.6986890466E-08 1.1895972401E-01 -3.6365031693E-02 8.3060036944E-09 1.8733172418E-08 3.6365031693E-02 1.1895972401E-01
77.00 1.1423345388E-01 -1.6494645009E-02 1.0210109597E-08 9.1524674613E-09 -1.6494645009E-02 1.1423345388E-01 8.6066524699E-09 -2.2020170786E-08 8.9296303629E-09 -1.6527141934E-08 1.0668756329E-01 -3.7349330798E-02 9.5214358308E-09 1.6376752051E-08 3.7349330798E-02 1.0668756329E-01
78.00 1.0698807363E-01 -2.2703290978E-02 1.2438339022E-08 1.0361202834E-08 -2.2703290978E-02 1.0698807363E-01 7.0588901273E-09 -2.0320054757E-08 1.1137728202E-08 -1.5857072578E-08 9.7752126996E-02 -3.7088140224E-02 1.0846522462E-08 1.3817200933E-08 3.7088140224E-02 9.7752126996E-02
79.00 1.0323770412E-01 -2.9782586915E-02 1.4470871886E-08 1.1711562684E-08 -2.9782586915E-02 1.0323770412E-01 5.4006657072E-09 -1.8477084098E-08 1.3234790866E-08 -1.4992395951E-08 9.2266841901E-02 -3.5466194533E-02 1.2227221874E-08 1.1130844571E-08 3.5466194533E-02 9.2266841901E-02
80.00 1.0287270655E-01 -3.7385167413E-02 1.6271119688E-08 1.3154879533E-08 -3.7385167413E-02 1.0287270655E-01 3.6757460195E-09 -1.6537769584E-08 1.5189116346E-08 -1.3955765101E-08 9.0185563404E-02 -3.2430034899E-02 1.3611872058E-08 8.3927157065E-09 3.2430034899E-02 9.0185563404E-02
81.00 1.0562601736E-01 -4.5127468349E-02 1.7809158222E-08 1.4642164938E-08 -4.5127468349E-02 1.0562601736E-01 1.9302578179E-09 -1.4546141694E-08 1.6972119870E-08 -1.2774679070E-08 9.1305949423E-02 -2.7992690903E-02 1.4952566981E-08 5.6742144517E-09 2.7992690903E-02 9.1305949423E-02
82.00 1.1108750824E-01 -5.2607825667E-02 1.9062284477E-08 1.6125280043E-08 -5.2607825667E-02 1.1108750824E-01 2.0999929263E-10 -1.2542547235E-08 1.8558611576E-08 -1.1479457319E-08 9.5280863660E-02 -2.2235291439E-02 1.6206162697E-08 3.0410652016E-09 2.2235291439E-02 9.5280863660E-02
83.00 1.1872561519E-01 -5.9425826548E-02 2.0015390986E-08 1.7557937790E-08 -5.9425826548E-02 1.1872561519E-01 -1.4419712107E-09 -1.0562724612E-08 1.9927088815E-08 -1.0101387062E-08 1.0163702962E-01 -1.5305458228E-02 1.7334937443E-08 5.5161641921E-10 1.5305458228E-02 1.0163702962E-01
84.00 1.2791499178E-01 -6.5201981298E-02 2.0661137866E-08 1.8896556124E-08 -6.5201981298E-02 1.2791499178E-01 -2.9873583185E-09 -8.6371687775E-09 2.1060029478E-08 -8.6711269965E-09 1.0979982592E-01 -7.4124884362E-03 1.8306946412E-08 -1.7444850461E-09 7.4124884362E-03 1.0979982592E-01
85.00 1.3796867471E-01 -6.9596762045E-02 2.0999906789E-08 2.0100986364E-08 -6.9596762045E-02 1.3796867471E-01 -4.3941847822E-09 -6.7907837692E-09 2.1944165844E-08 -7.2174244993E-09 1.1912284544E-01 1.1805118667E-03 1.9096123253E-08 -3.8072283364E-09 -1.1805118667E-03 1.1912284544E-01
86.00 1.4817306224E-01 -7.2328077152E-02 2.1039528353E-08 2.1135143007E-08 -7.2328077152E-02 1.4817306224E-01 -5.6378309763E-09 -5.0428090995E-09 2.2570715624E-08 -5.7661779156E-09 1.2892064624E-01 1.0167231793E-02 1.9682188627E-08 -5.6067801487E-09 -1.0167231792E-02 1.2892064624E-01
87.00 1.5782390302E-01 -7.3186316754E-02 2.0794782627E-08 2.1967558412E-08 -7.3186316754E-02 1.5782390302E-01 -6.7015450248E-09 -3.4069958783E-09 2.2935545952E-08 -4.3398497659E-09 1.3850300725E-01 1.9211048562E-02 2.0050427041E-08 -7.1236448666E-09 -1.9211048562E-02 1.3850300725E-01
88.00 1.6626147844E-01 -7.2046212002E-02 2.0286680966E-08 2.2571880349E-08 -7.2046212002E-02 1.6626147844E-01 -7.5764415770E-09 -1.8920013278E-09 2.3039246038E-08 -2.9572127277E-09 1.4720897019E-01 2.7959643146E-02 2.0191388933E-08 -8.3484649388E-09 -2.7959643146E-02 1.4720897019E-01
89.00 1.7290323320E-01 -6.8874893296E-02 1.9541547228E-08 2.2927324847E-08 -6.8874893296E-02 1.7290323320E-01 -8.2610356778E-09 -5.0196197438E-10 2.2887088335E-08 -1.6333910595E-09 1.5443899904E-01 3.6060680814E-02 2.0100570771E-08 -9.2814963792E-09 -3.6060680814E-02 1.5443899904E-01
90.00 1.7727226212E-01 -6.3735704573E-02 1.8589926102E-08 2.3019086014E-08 -6.3735704573E-02 1.7727226212E-01 -8.7603825166E-09 7.6279651365E-10 2.2488862844E-08 -3.8014400140E-10 1.5968371618E-01 4.3177837688E-02 1.9778111563E-08 -9.9317987532E-09 -4.3177837688E-02 1.5968371618E-01
91.00 1.7902028725E-01 -5.6787523866E-02 1.7465355438E-08 2.2838697604E-08 -5.6787523866E-02 1.7902028725E-01 -9.0849120680E-09 1.9049588671E-09 2.1858576431E-08 7.9367238711E-10 1.6254787131E-01 4.9006427275E-02 1.9228534593E-08 -1.0316188108E-08 -4.9006427275E-02 1.6254787131E-01
92.00 1.7794404607E-01 -4.8279546095E-02 1.6203047518E-08 2.2384331417E-08 -4.8279546095E-02 1.7794404607E-01 -9.2490597301E-09 2.9293750163E-09 2.1014016847E-08 1.8815338759E-09 1.6276845452E-01 5.3287889562E-02 1.8460547511E-08 -1.0458004149E-08 -5.3287889562E-02 1.6276845452E-01
93.00 1.7399434530E-01 -3.8541693400E-02 1.4838530829E-08 2.1661011348E-08 -3.8541693400E-02 1.7399434530E-01 -9.2697993218E-09 3.8422146241E-09 1.9976190047E-08 2.8786359562E-09 1.6022616576E-01 5.5822449548E-02 1.7486900917E-08 -1.0385745541E-08 -5.5822449548E-02 1.6022616576E-01
94.00 1.6727739878E-01 -2.7971021900E-02 1.3406308479E-08 2.0680716459E-08 -2.7971021900E-02 1.6727739878E-01 -9.1651832257E-09 4.6501638293E-09 1.8768648289E-08 3.7813042728E-09 1.5494978323E-01 5.6479330327E-02 1.6324292615E-08 -1.0131628342E-08 -5.6479330327E-02 1.5494978323E-01
95.00 1.5804844564E-01 -1.7014682611E-02 1.1938590916E-08 1.9462344234E-08 -1.7014682611E-02 1.5804844564E-01 -8.9529875199E-09 5.3597009370E-09 1.7416733827E-08 4.5864829471E-09 1.4711331871E-01 5.5204014364E-02 1.4993294012E-08 -9.7301202584E-09 -5.5204014364E-02 1.4711331871E-01
96.00 1.4669801780E-01 -6.1501600791E-03 1.0464160029E-08 1.8031506232E-08 -6.1501600791E-03 1.4669801780E-01 -8.6495461433E-09 5.9764843352E-09 1.5946770672E-08 5.2913422037E-09 1.3702618982E-01 5.2022180453E-02 1.3518268138E-08 -9.2165024493E-09 -5.2022180453E-02 1.3702618982E-01
97.00 1.3373157783E-01 4.1363524011E-03 9.0074173827E-09 1.6420130881E-08 4.1363524011E-03 1.3373157783E-01 -8.2688419588E-09 6.5048772452E-09 1.4385240648E-08 5.8930343181E-09 1.2511696455E-01 4.7040096504E-02 1.1927242986E-08 -8.6255045964E-09 -4.7040096504E-02 1.2511696455E-01
98.00 1.1974356229E-01 1.3372483289E-02 7.5876624771E-09 1.4665856004E-08 1.3372483289E-02 1.1974356229E-01 -7.8219012728E-09 6.9476289620E-09 1.2757983508E-08 6.3886098156E-09 1.1191152559E-01 4.0441412442E-02 1.0251704734E-08 -7.9900557767E-09 -4.0441412442E-02 1.1191152559E-01
99.00 1.0538712827E-01 2.1122103700E-02 6.2186373502E-09 1.2811201086E-08 2.1122103700E-02 1.0538712827E-01 -7.3165167647E-09 7.3057225604E-09 1.1089460516E-08 6.7750920444E-09 9.8006749427E-02 3.2480465000E-02 8.5262763366E-09 -7.3401857210E-09 -3.2480465000E-02 9.8006749427E-02
100.00 9.1341099929E-02 2.7006609761E-02 4.9083611884E-09 1.0902522013E-08 2.7006609761E-02 9.1341099929E-02 -6.7573010835E-09 7.5783927514E-09 9.4021186751E-09 7.0496936364E-09 8.4040986810E-02 2.3472368895E-02 6.7882551209E-09 -6.7021057607E-09 -2.3472368895E-02 8.4040986810E-02
101.00 7.8275739183E-02 3.0724069062E-02 3.6592654402E-09 8.9887615997E-09 3.0724069062E-02 7.8275739183E-02 -6.1460513330E-09 7.7633085148E-09 7.7158881066E-09 7.2101467597E-09 7.0662760629E-02 1.3780318763E-02 5.0769900688E-09 -6.0974903495E-09 -1.3780318763E-02 7.0662760629E-02
102.00 6.6819013783E-02 3.2065309777E-02 2.4686238336E-09 7.1200232390E-09 3.2065309777E-02 6.6819013783E-02 -5.4823858658E-09 7.8569075307E-09 6.0478376659E-09 7.2551107542E-09 5.8499158343E-02 3.8006558559E-03 3.4330922552E-09 -5.5429727565E-09 -3.8006558559E-03 5.8499158343E-02
103.00 5.7525006473E-02 3.0926148796E-02 1.3292572637E-09 5.3460066727E-09 3.0926148796E-02 5.7525006473E-02 -4.7645971990E-09 7.8548624664E-09 4.4120055892E-09 7.1846140862E-09 4.8125389279E-02 -6.0536432968E-03 1.8974834796E-09 -5.0498609806E-09 6.0536432968E-03 4.8125389279E-02
104.00 5.0846001152E-02 2.7315110471E-02 2.3047785539E-10 3.7143567763E-09 2.7315110471E-02 5.0846001152E-02 -3.9906533549E-09 7.7526525216E-09 2.8194115577E-09 7.0004865561E-09 4.0036903072E-02 -1.5370327438E-02 5.1030189938E-10 -4.6240725076E-09 1.5370327438E-02 4.0036903072E-02
105.00 4.7109602078E-02 2.1356174275E-02 -8.4077681785E-10 2.2689846146E-09 2.1356174275E-02 4.7109602078E-02 -3.1592712402E-09 7.5462072365E-09 1.2782459172E-09 6.7067384183E-09 3.4625329654E-02 -2.3755314660E-02 -6.9030449118E-10 -4.2662787404E-09 2.3755314660E-02 3.4625329654E-02
106.00 4.6501998493E-02 1.3286300650E-02 -1.8986792533E-09 1.0484278846E-09 1.3286300650E-02 4.6501998493E-02 -2.2709822196E-09 7.2325864401E-09 -2.0577846418E-10 6.3098477433E-09 3.2159310877E-02 -3.0849453849E-02 -1.6694536599E-09 -3.9722442869E-09 3.0849453849E-02 3.2159310877E-02
107.00 4.9058191066E-02 3.4477108792E-03 -2.9571861957E-09 8.4320190199E-11 3.4477108792E-03 4.9058191066E-02 -1.3291117729E-09 6.8106561611E-09 -1.6289364441E-09 5.8189247100E-09 3.2771058921E-02 -3.6343872902E-02 -2.3968232646E-09 -3.7333398290E-09 3.6343872902E-02 3.2771058921E-02
108.00 5.4659662267E-02 -7.7248701483E-03 -4.0287247200E-09 -5.9996038744E-10 -7.7248701483E-03 5.4659662267E-02 -3.4060067616E-10 6.2817197231E-09 -2.9888960416E-09 5.2457305881E-09 3.6449208637E-02 -3.9993252557E-02 -2.8479037302E-09 -3.5372025621E-09 3.9993252557E-02 3.6449208637E-02
109.00 6.3039615813E-02 -1.9721569873E-02 -5.1229646923E-09 -9.9039713952E-10 -1.9721569873E-02 6.3039615813E-02 6.8339486302E-10 5.6500635700E-09 -4.2840587744E-09 4.6045397905E-09 4.3038242569E-02 -4.1626464180E-02 -3.0051494460E-09 -3.3685143973E-09 4.1626464180E-02 4.3038242569E-02
110.00 7.3795547308E-02 -3.1978668021E-02 -6.2457488337E-09 -1.0831355762E-09 -3.1978668021E-02 7.3795547308E-02 1.7271734759E-09 4.9233797569E-09 -5.5128788378E-09 3.9118442367E-09 5.2244471920E-02 -4.1154134032E-02 -2.8589667954E-09 -3.2098651314E-09 4.1154134032E-02 5.2244471920E-02
111.00 8.6408556324E-02 -4.3902992612E-02 -7.3982446158E-09 -8.8493040016E-10 -4.3902992612E-02 8.6408556324E-02 2.7704627116E-09 4.1130317975E-09 -6.6732068743E-09 3.1859103510E-09 6.3648267360E-02 -3.8572838990E-02 -2.4084817133E-09 -3.0426663277E-09 3.8572838990E-02 6.3648267360E-02
112.00 1.0026848571E-01 -5.4898402623E-02 -8.5763711527E-09 -4.1320307446E-10 -5.4898402623E-02 1.0026848571E-01 3.7887130969E-09 3.2341361214E-09 -7.7617026052E-09 2.4462079251E-09 7.6721962839E-02 -3.3965792104E-02 -1.6620366839E-09 -2.8480808467E-09 3.3965792104E-02 7.6721962839E-02
113.00 1.1470369238E-01 -6.4393226303E-02 -9.7705406051E-09 3.0431016388E-10 -6.4393226303E-02 1.1470369238E-01 4.7537096937E-09 2.3054403397E-09 -8.7733576715E-09 1.7127394175E-09 9.0852614911E-02 -2.7500033034E-02 -6.3737719481E-10 -2.6079342071E-09 2.7500033034E-02 9.0852614911E-02
114.00 1.2901402850E-01 -7.1867448707E-02 -1.0965736801E-08 1.2303223634E-09 -7.1867448707E-02 1.2901402850E-01 5.6344812094E-09 1.3489874729E-09 -9.7011627143E-09 1.0053026998E-09 1.0536859908E-01 -1.9420290786E-02 6.3849887149E-10 -2.3055746112E-09 1.9420290786E-02 1.0536859908E-01
115.00 1.4250545315E-01 -7.6878417586E-02 -1.2141935704E-08 2.3191570588E-09 -7.6878417586E-02 1.4250545315E-01 6.3984693693E-09 3.8956727750E-10 -1.0535945347E-08 3.4272536982E-10 1.1956887121E-01 -1.0039826904E-02 2.1298417665E-09 -1.9266526522E-09 1.0039826904E-02 1.1956887121E-01
116.00 1.5452461094E-01 -7.9083865906E-02 -1.3274853927E-08 3.5182735999E-09 -7.9083865906E-02 1.5452461094E-01 7.0129066920E-09 -5.4603486525E-10 -1.1266395412E-08 -2.5789101996E-10 1.3275362116E-01 2.7130993284E-04 3.7929963171E-09 -1.4597935815E-09 -2.7130993284E-04 1.3275362116E-01
117.00 1.6449170840E-01 -7.8261132479E-02 -1.4336992752E-08 4.7701066803E-09 -7.8261132479E-02 1.6449170840E-01 7.4463383155E-09 -1.4299685353E-09 -1.1879283049E-08 -7.8187905449E-10 1.4425500107E-01 1.1100087447E-02 5.5775752299E-09 -8.9714087332E-10 -1.1100087447E-02 1.4425500107E-01
118.00 1.7193009283E-01 -7.4321597624E-02 -1.5298928289E-08 6.0141551534E-09 -7.4321597624E-02 1.7193009283E-01 7.6702147362E-09 -2.2343957131E-09 -1.2359863608E-08 -1.2176320008E-09 1.5346662169E-01 2.2005748673E-02 7.4279242897E-09 -2.3475367354E-10 -2.2005748673E-02 1.5346662169E-01
119.00 1.7649108840E-01 -6.7319534058E-02 -1.6130784023E-08 7.1892423341E-09 -6.7319534058E-02 1.7649108840E-01 7.6604765360E-09 -2.9326724824E-09 -1.2692453047E-08 -1.5571193505E-09 1.5987057602E-01 3.2535880805E-02 9.2848304899E-09 5.2715368798E-10 -3.2535880805E-02 1.5987057602E-01
120.00 1.7797286287E-01 -5.7454797974E-02 -1.6803810464E-08 8.2358606218E-09 -5.7454797974E-02 1.7797286287E-01 7.3990509894E-09 -3.5005843375E-09 -1.2861146894E-08 -1.7962690704E-09 1.6306086527E-01 4.2242636328E-02 1.1087412514E-08 1.3841362169E-09 -4.2242636328E-02 1.6306086527E-01
121.00 1.7633237672E-01 -4.5069042687E-02 -1.7291988864E-08 9.0985071315E-09 -4.5069042687E-02 1.7633237672E-01 6.8751821458E-09 -3.9175786393E-09 -1.2850647479E-08 -1.9352009947E-09 1.6276226219E-01 5.0698466241E-02 1.2775123408E-08 2.3276075386E-09 -5.0698466241E-02 1.6276226219E-01
122.00 1.7168979038E-01 -3.0635417054E-02 -1.7573573251E-08 9.7279153635E-09 -3.0635417054E-02 1.7168979038E-01 6.0865224775E-09 -4.1679341877E-09 -1.2647157694E-08 -1.9783038234E-09 1.5884384361E-01 5.7510770208E-02 1.4289789745E-08 3.3450889081E-09 -5.7510770208E-02 1.5884384361E-01
123.00 1.6432506043E-01 -1.4742001104E-02 -1.7632485582E-08 1.0083089159E-08 -1.4742001104E-02 1.6432506043E-01 5.0399232470E-09 -4.2418072111E-09 -1.2239294986E-08 -1.9341554082E-09 1.5132664819E-01 6.2334937538E-02 1.5577607946E-08 4.4206078663E-09 -6.2334937538E-02 1.5132664819E-01
124.00 1.5466682521E-01 1.9304806585E-03 -1.7459485575E-08 1.0133052425E-08 1.9304806585E-03 1.5466682521E-01 3.7518731818E-09 -4.1360953466E-09 -1.1618978108E-08 -1.8152927182E-09 1.4038515774E-01 6.4885341585E-02 1.6591020741E-08 5.5352310627E-09 -6.4885341585E-02 1.4038515774E-01
125.00 1.4327404635E-01 1.8635855286E-02 -1.7053045908E-08 9.8582367278E-09 1.8635855286E-02 1.4327404635E-01 2.2485498925E-09 -3.8550664849E-09 -1.0782239486E-08 -1.6378439273E-09 1.2634255101E-01 6.4943953223E-02 1.7290399524E-08 6.6677117088E-09 -6.4943953223E-02 1.2634255101E-01
126.00 1.3081121864E-01 3.4593549416E-02 -1.6419877777E-08 9.2514436148E-09 3.4593549416E-02 1.3081121864E-01 5.6546505794E-10 -3.4107074316E-09 -9.7299194444E-09 -1.4210396563E-09 1.0965992672E-01 6.2366350977E-02 1.7645467387E-08 7.7952279466E-09 -6.2366350977E-02 1.0965992672E-01
127.00 1.1801826966E-01 4.9022228062E-02 -1.5575068520E-08 8.3183334694E-09 4.9022228062E-02 1.1801826966E-01 -1.2532977502E-09 -2.8227582249E-09 -8.4682045060E-09 -1.1866238939E-09 9.0919929476E-02 5.7085020386E-02 1.7636406628E-08 8.8941856382E-09 -5.7085020386E-02 9.0919929476E-02
128.00 1.0567652770E-01 6.1174609864E-02 -1.4541812153E-08 7.0774128788E-09 6.1174609864E-02 1.0567652770E-01 -3.1562364477E-09 -2.1184106593E-09 -7.0089788875E-09 -9.5818666252E-10 7.0805428018E-02 4.9109947848E-02 1.7254608659E-08 9.9410563731E-09 -4.9109947848E-02 7.0805428018E-02
129.00 9.4572330322E-02 7.0371950948E-02 -1.3350733859E-08 5.5595107833E-09 7.0371950948E-02 9.4572330322E-02 -5.0859406206E-09 -1.3316647808E-09 -5.3699678656E-09 -7.6044188480E-10 5.0074082796E-02 3.8526619555E-02 1.6503037134E-08 1.0913220699E-08 -3.8526619555E-02 5.0074082796E-02
130.00 8.5459965635E-02 7.6036661448E-02 -1.2038830016E-08 3.8067569857E-09 7.6036661448E-02 8.5459965635E-02 -6.9809085603E-09 -5.0235134769E-10 -3.5746605386E-09 -6.1847341536E-10 2.9529792569E-02 2.5491629862E-02 1.5396192262E-08 1.1789785371E-08 -2.5491629862E-02 2.9529792569E-02
131.00 7.9025680005E-02 7.7721559368E-02 -1.0648065030E-08 1.8710949823E-09 7.7721559368E-02 7.9025680005E-02 -8.7776065901E-09 3.2515432825E-10 -1.6520106050E-09 -5.5697097347E-10 9.9921222158E-03 1.0226182245E-02 1.3959678475E-08 1.2552344920E-08 -1.0226182245E-02 9.9921222158E-03
132.00 7.5854445641E-02 7.5134375704E-02 -9.2236839180E-09 -1.8761784331E-10 7.5134375704E-02 7.5854445641E-02 -1.0412694323E-08 1.1034873649E-09 3.6407688081E-10 -5.9947633110E-10 -7.7351169171E-03 -6.9921725760E-03 1.2229394124E-08 1.3185658978E-08 6.9921725760E-03 -7.7351169171E-03
133.00 7.6401062189E-02 6.8156299443E-02 -7.8123149252E-09 -2.3038518464E-09 6.8156299443E-02 7.6401062189E-02 -1.1825331062E-08 1.7840633704E-09 2.4354553113E-09 -7.6765802485E-10 -2.2894939051E-02 -2.5839174051E-02 1.0250375914E-08 1.3678219516E-08 2.5839174051E-02 -2.2894939051E-02
134.00 8.0966973053E-02 5.6853584777E-02 -6.4599480146E-09 -4.4089036098E-09 5.6853584777E-02 8.0966973053E-02 -1.2959473105E-08 2.3189966544E-09 4.5206175251E-09 -1.0806308659E-09 -3.4806735026E-02 -4.5954453758E-02 8.0753435629E-09 1.4022685999E-08 4.5954453758E-02 -3.4806735026E-02
135.00 8.9683918814E-02 4.1481526273E-02 -5.2098821747E-09 -6.4335523198E-09 4.1481526273E-02 8.9683918814E-02 -1.3766069693E-08 2.6630922399E-09 6.5757153866E-09 -1.5543346076E-09 -4.2893194663E-02 -6.6952685707E-02 5.7630006580E-09 1.4216171098E-08 6.6952685707E-02 -4.2893194663E-02
136.00 1.0250523879E-01 2.2480428878E-02 -4.1007381899E-09 -8.3107707973E-09 2.2480428878E-02 1.0250523879E-01 -1.4205068071E-08 2.7758273279E-09 8.5556815168E-09 -2.2009846823E-09 -4.6703599389E-02 -8.8434880570E-02 3.3761565033E-09 1.4260364536E-08 8.8434880570E-02 -4.6703599389E-02
137.00 1.1920528203E-01 4.6354452277E-04 -3.1646318049E-09 -9.9783796813E-09 4.6354452277E-04 1.1920528203E-01 -1.4247143507E-08 2.6232393736E-09 1.0415412608E-08 -3.0286061085E-09 -4.5932627172E-02 -1.0999944614E-01 9.7973786639E-10 1.4161489276E-08 1.0999944614E-01 -4.5932627172E-02
138.00 1.3938701704E-01 -2.3802699566E-02 -2.4255953376E-09 -1.1381537801E-08 -2.3802699566E-02 1.3938701704E-01 -1.3875079001E-08 2.1796351471E-09 1.2110973067E-08 -4.0406607972E-09 -4.0433985748E-02 -1.3125267544E-01 -1.3612364286E-09 1.3930089905E-08 1.3125267544E-01 -4.0433985748E-02
139.00 1.6249755277E-01 -4.9425510155E-02 -1.8983271325E-09 -1.2474965248E-08 -4.9425510155E-02 1.6249755277E-01 -1.3084732750E-08 1.4290416030E-09 1.3600778754E-08 -5.2357775406E-09 -3.0228388028E-02 -1.5181837227E-01 -3.5836472161E-09 1.3580660177E-08 1.5181837227E-01 -3.0228388028E-02
140.00 1.8785091899E-01 -7.5418582155E-02 -1.5873325263E-09 -1.3224805840E-08 -7.5418582155E-02 1.8785091899E-01 -1.1885545579E-08 3.6632705420E-10 1.4846722336E-08 -6.6075930394E-09 -1.5505597924E-02 -1.7134637919E-01 -5.6281642311E-09 1.3131122805E-08 1.7134637919E-01 -1.5505597924E-02
141.00 2.1465711939E-01 -1.0073972165E-01 -1.4865037355E-09 -1.3610049023E-08 -1.0073972165E-01 2.1465711939E-01 -1.0300558078E-08 -1.0020666023E-09 1.5815205372E-08 -8.1447106110E-09 3.3795025412E-03 -1.8951983101E-01 -7.4409705976E-09 1.2602180759E-08 1.8951983101E-01 3.3795025412E-03
142.00 2.4205618029E-01 -1.2433173076E-01 -1.5791665019E-09 -1.3623449160E-08 -1.2433173076E-01 2.4205618029E-01 -8.3659256244E-09 -2.6578260504E-09 1.6478047867E-08 -9.8307829407E-09 2.5916651534E-02 -2.0606101600E-01 -8.9752680256E-09 1.2016564459E-08 2.0606101600E-01 2.5916651534E-02
143.00 2.6915568584E-01 -1.4516487959E-01 -1.8386004203E-09 -1.3271899226E-08 -1.4516487959E-01 2.6915568584E-01 -6.1299392221E-09 -4.5709305008E-09 1.6813250189E-08 -1.1644721918E-08 5.1455364008E-02 -2.2073578429E-01 -1.0192518454E-08 1.1398204497E-08 2.2073578429E-01 5.1455364008E-02
144.00 2.9507012649E-01 -1.6227919480E-01 -2.2290186698E-09 -1.2576238843E-08 -1.6227919480E-01 2.9507012649E-01 -3.6515783262E-09 -6.7002867898E-09 1.6805589396E-08 -1.3561037168E-08 7.9224922339E-02 -2.3335649586E-01 -1.1063388300E-08 1.0771361392E-08 2.3335649586E-01 7.9224922339E-02
145.00 3.1896029970E-01 -1.7482477511E-01 -2.7069724717E-09 -1.1570499380E-08 -1.7482477511E-01 3.1896029970E-01 -9.9864182500E-10 -8.9948255851E-09 1.6447037670E-08 -1.5550301683E-08 1.0835844391E-01 -2.4378354831E-01 -1.1568374944E-08 1.0159748101E-08 2.4378354831E-01 1.0835844391E-01
146.00 3.4007099305E-01 -1.8209840358E-01 -3.2231258652E-09 -1.0300611964E-08 -1.8209840358E-01 3.4007099305E-01 1.7544815052E-09 -1.1395027653E-08 1.5736995687E-08 -1.7579737784E-08 1.3792012644E-01 -2.5192556529E-01 -1.1698105208E-08 9.5856784603E-09 2.5192556529E-01 1.3792012644E-01
147.00 3.5776525108E-01 -1.8357486245E-01 -3.7243302384E-09 -8.8226271905E-09 -1.8357486245E-01 3.5776525108E-01 4.5293254946E-09 -1.3834832310E-08 1.4682340743E-08 -1.9613914670E-08 1.6693466608E-01 -2.5773835962E-01 -1.1453309828E-08 9.0692764466E-09 2.5773835962E-01 1.6693466608E-01
148.00 3.7155367467E-01 -1.7893156270E-01 -4.1559138096E-09 -7.2005155959E-09 -1.7893156270E-01 3.7155367467E-01 7.2460527809E-09 -1.6243861007E-08 1.3297292864E-08 -2.1615541564E-08 1.9441777746E-01 -2.6122281071E-01 -1.0844487958E-08 8.6277770233E-09 2.6122281071E-01 1.9441777746E-01
149.00 3.8111741806E-01 -1.6806536954E-01 -4.4640917318E-09 -5.5036366953E-09 -1.6806536954E-01 3.8111741806E-01 9.8262577640E-09 -1.8549875795E-08 1.1603108286E-08 -2.3546338505E-08 2.1940672198E-01 -2.6242181362E-01 -9.8912868203E-09 8.2749454180E-09 2.6242181362E-01 2.1940672198E-01
150.00 3.8632382508E-01 -1.5110082401E-01 -4.5983955361E-09 -3.8039779582E-09 -1.5110082401E-01 3.8632382508E-01 1.2195762572E-08 -2.0681379386E-08 9.6276117894E-09 -2.5367959723E-08 2.4098977037E-01 -2.6141646731E-01 -8.6216295252E-09 8.0206366415E-09 2.6141646731E-01 2.4098977037E-01
151.00 3.8723396864E-01 -1.2838931661E-01 -4.5140203441E-09 -2.1732762849E-09 -1.2838931661E-01 3.8723396864E-01 1.4287302236E-08 -2.2570256513E-08 7.4045833089E-09 -2.7042942329E-08 2.5833358794E-01 -2.5832167387E-01 -7.0706324720E-09 7.8705109443E-09 2.5832167387E-01 2.5833358794E-01
152.00 3.8410171339E-01 -1.0049914573E-01 -4.1739894207E-09 -6.8014005320E-10 -1.0049914573E-01 3.8410171339E-01 1.6042997995E-08 -2.4154351202E-08 4.9730170697E-09 -2.8535649509E-08 2.7070763167E-01 -2.5328131808E-01 -5.2793572691E-09 7.8259125665E-09 2.5328131808E-01 2.7070763167E-01
153.00 3.7736429279E-01 -6.8196774892E-02 -3.5510437114E-09 6.1270911444E-10 -6.8196774892E-02 3.7736429279E-01 1.7416523588E-08 -2.5379876443E-08 2.3762730370E-09 -2.9813176043E-08 2.7750478403E-01 -2.4646319037E-01 -3.2934471677E-09 7.8839140172E-09 2.4646319037E-01 2.7750478403E-01
154.00 3.6762476465E-01 -3.2419972339E-02 -2.6291739080E-09 1.6509606649E-09 -3.2419972339E-02 3.6762476465E-01 1.8374879812E-08 -2.6203555001E-08 -3.3885844737E-10 -3.0846181948E-08 2.7825761231E-01 -2.3805380519E-01 -1.1616970424E-09 8.0375183056E-09 2.3805380519E-01 2.7825761231E-01
155.00 3.5562706437E-01 5.7561417440E-03 -1.4047269281E-09 2.3908986688E-09 5.7561417440E-03 3.5562706437E-01 1.8899706988E-08 -2.6594401987E-08 -3.1231549661E-09 -3.1609624417E-08 2.7264982666E-01 -2.2825325357E-01 1.0653927177E-09 8.2760068809E-09 2.2825325357E-01 2.7264982666E-01
156.00 3.4222470037E-01 4.5158816156E-02 1.1296408409E-10 2.8011534418E-09 4.5158816156E-02 3.4222470037E-01 1.8988080316E-08 -2.6535069943E-08 -5.9260011390E-09 -3.2083358061E-08 2.6052270805E-01 -2.1727021301E-01 3.3370323813E-09 8.5854131906E-09 2.1727021301E-01 2.6052270805E-01
157.00 3.2834441427E-01 8.4561589219E-02 1.9014597682E-09 2.8639454231E-09 8.4561589219E-02 3.2834441427E-01 1.8652752586E-08 -2.6022695628E-08 -8.6964427261E-09 -3.2252580568E-08 2.4187647816E-01 -2.0531722121E-01 5.6034862749E-09 8.9490980166E-09 2.0531722121E-01 2.4187647816E-01
158.00 3.1494635023E-01 1.2273066174E-01 3.9256157697E-09 2.5757691712E-09 1.2273066174E-01 3.1494635023E-01 1.7921828242E-08 -2.5069204883E-08 -1.1384233269E-08 -3.2108105161E-08 2.1686678015E-01 -1.9260630275E-01 7.8173066587E-09 9.3483981794E-09 1.9260630275E-01 2.1686678015E-01
159.00 3.0298243226E-01 1.5847186897E-01 6.1384980934E-09 1.9474840102E-09 1.5847186897E-01 3.0298243226E-01 1.6837874507E-08 -2.3701056847E-08 -1.3940846624E-08 -3.1646451170E-08 1.8579662132E-01 -1.7934502086E-01 9.9344260166E-09 9.7633198238E-09 1.7934502086E-01 1.8579662132E-01
160.00 2.9335472954E-01 1.9067636862E-01 8.4827836297E-09 1.0038093546E-09 1.9067636862E-01 2.9335472954E-01 1.5456495085E-08 -2.1958425834E-08 -1.6320434077E-08 -3.0869748864E-08 1.4910429044E-01 -1.6573300928E-01 1.1915086163E-08 1.0173244610E-08 1.6573300928E-01 1.4910429044E-01
161.00 2.8687559486E-01 2.1836321020E-01 1.0892599517E-08 -2.1776001084E-10 2.1836321020E-01 2.8687559486E-01 1.3844413755E-08 -1.9893848690E-08 -1.8480700735E-08 -2.9785467238E-08 1.0734789492E-01 -1.5195902346E-01 1.3724585799E-08 1.0557620977E-08 1.5195902346E-01 1.0734789492E-01
162.00 2.8423128936E-01 2.4071707408E-01 1.3295736416E-08 -1.6685713412E-09 2.4071707408E-01 2.8423128936E-01 1.2077132126E-08 -1.7570381560E-08 -2.0383682221E-08 -2.8405978809E-08 6.1187262241E-02 -1.3819853487E-01 1.5333839158E-08 1.0896613396E-08 1.3819853487E-01 6.1187262241E-02
163.00 2.8595066247E-01 2.5711966162E-01 1.5616157262E-08 -3.2909005534E-09 2.5711966162E-01 2.8595066247E-01 1.0236243001E-08 -1.5059336072E-08 -2.1996401003E-08 -2.6747985330E-08 1.1364012029E-02 -1.2461187828E-01 1.6719742708E-08 1.1171688043E-08 1.2461187828E-01 1.1364012029E-02
164.00 2.9238024378E-01 2.6717347216E-01 1.7776710467E-08 -5.0204187435E-09 2.6717347216E-01 2.9238024378E-01 8.4064934661E-09 -1.2437678632E-08 -2.3291387944E-08 -2.4831834295E-08 -4.1319372532E-02 -1.1134294851E-01 1.7865355492E-08 1.1366117523E-08 1.1134294851E-01 -4.1319372532E-02
165.00 3.0366683502E-01 2.7071700725E-01 1.9701950285E-08 -6.7889373505E-09 2.7071700725E-01 3.0366683502E-01 6.6727034353E-09 -9.7851951255E-09 -2.4247056031E-08 -2.2680761704E-08 -9.6020661084E-02 -9.8518431377E-02 1.8759903170E-08 1.1465393190E-08 9.8518431377E-02 -9.6020661084E-02
166.00 3.1974837427E-01 2.6783078537E-01 2.1320958755E-08 -8.5273157594E-09 2.6783078537E-01 3.1974837427E-01 5.1166479094E-09 -7.1815322346E-09 -2.4847919059E-08 -2.0320099495E-08 -1.5187842074E-01 -8.6247542403E-02 1.9398620757E-08 1.1457539883E-08 8.6247542403E-02 -1.5187842074E-01
167.00 3.4035349709E-01 2.5883391707E-01 2.2570067381E-08 -1.0168408214E-08 2.5883391707E-01 3.4035349709E-01 3.8140174320E-09 -4.7032333213E-09 -2.5084652853E-08 -1.7776487499E-08 -2.0803131513E-01 -7.4622237159E-02 1.9782453924E-08 1.1333333563E-08 7.4622237159E-02 -2.0803131513E-01
168.00 3.6500985265E-01 2.4427136585E-01 2.3395376382E-08 -1.1649924903E-08 2.4427136585E-01 3.6500985265E-01 2.8315662192E-09 -2.4208887780E-09 -2.4954001869E-08 -1.5077128061E-08 -2.6363559733E-01 -6.3717848202E-02 1.9917639803E-08 1.1086427624E-08 6.3717848202E-02 -2.6363559733E-01
169.00 3.9306086477E-01 2.2489238953E-01 2.3754976224E-08 -1.2917085843E-08 2.2489238953E-01 3.9306086477E-01 2.2245511772E-09 -3.9651796310E-10 -2.4458539556E-08 -1.2249118922E-08 -3.1788036966E-01 -5.3594096001E-02 1.9815191429E-08 1.0713398460E-08 5.3594096001E-02 -3.1788036966E-01
170.00 4.2369027184E-01 2.0162100576E-01 2.3620788257E-08 -1.3924952601E-08 2.0162100576E-01 4.2369027184E-01 2.0345572967E-09 1.3187098579E-09 -2.3606297545E-08 -9.3188933660E-09 -3.7000032990E-01 -4.4296414796E-02 1.9490309402E-08 1.0213723468E-08 4.4296414796E-02 -3.7000032990E-01
171.00 4.5595345224E-01 1.7551963925E-01 2.2979951113E-08 -1.4640337290E-08 1.7551963925E-01 4.5595345224E-01 2.2877883681E-09 2.6863204756E-09 -2.2410282613E-08 -6.3117902595E-09 -4.1928587437E-01 -3.5857529173E-02 1.8961744668E-08 9.5897077945E-09 3.5857529173E-02 -4.1928587437E-01
172.00 4.8881425535E-01 1.4774737615E-01 2.1835697097E-08 -1.5043205641E-08 1.4774737615E-01 4.8881425535E-01 2.9938877598E-09 3.6818671733E-09 -2.0887905925E-08 -3.2517676189E-09 -4.6509057569E-01 -2.8299213368E-02 1.8251135000E-08 8.8463753164E-09 2.8299213368E-02 -4.6509057569E-01
173.00 5.2118582601E-01 1.1951446165E-01 2.0207679692E-08 -1.5127511178E-08 1.1951446165E-01 5.2118582601E-01 4.1453343276E-09 4.2956940191E-09 -1.9060352775E-08 -1.6126418243E-10 -5.0683618821E-01 -2.1634163122E-02 1.7382335660E-08 7.9913394110E-09 2.1634163122E-02 -5.0683618821E-01
174.00 5.5197374082E-01 9.2034822749E-02 1.8131731390E-08 -1.4901422118E-08 9.2034822749E-02 5.5197374082E-01 5.7174378630E-09 4.5330957051E-09 -1.6951922497E-08 2.9387957959E-09 -5.4401545144E-01 -1.5867909201E-02 1.6380762556E-08 7.0346659864E-09 1.5867909201E-02 -5.4401545144E-01
175.00 5.8011967578E-01 6.6478474056E-02 1.5659052059E-08 -1.4386928249E-08 6.6478474056E-02 5.8011967578E-01 7.6689384823E-09 4.4138649415E-09 -1.4589370148E-08 6.0288691819E-09 -5.7619305380E-01 -1.1000702814E-02 1.5272763919E-08 5.9887378270E-09 1.1000702814E-02 -5.7619305380E-01
176.00 6.0464380013E-01 4.3925667039E-02 1.2854846954E-08 -1.3618840071E-08 4.3925667039E-02 6.0464380013E-01 9.9431918404E-09 3.9712456957E-09 -1.2001280241E-08 9.0905539202E-09 -6.0300518212E-01 -7.0293059255E-03 1.4085032355E-08 4.8681263870E-09 7.0293059255E-03 -6.0300518212E-01
177.00 6.2468414199E-01 2.5324573809E-02 9.7964527004E-09 -1.2643220627E-08 2.5324573809E-02 6.2468414199E-01 1.2469902119E-08 3.2503321591E-09 -9.2174998082E-09 1.2106271263E-08 -6.2415811425E-01 -3.9486240193E-03 1.2844067816E-08 3.6894690045E-09 3.9486240193E-03 -6.2415811425E-01
178.00 6.3953129564E-01 1.1454156877E-02 6.5710092848E-09 -1.1515312441E-08 1.1454156877E-02 6.3953129564E-01 1.5167345983E-08 2.3059820041E-09 -6.2686555245E-09 1.5058904331E-08 -6.3942631080E-01 -1.7531250894E-03 1.1575697429E-08 2.4713492146E-09 1.7531250894E-03 -6.3942631080E-01
179.00 6.4865703221E-01 2.8936730278E-03 3.2727502666E-09 -1.0297045926E-08 2.8936730278E-03 6.4865703221E-01 1.7945012613E-08 1.2003288446E-09 -3.1857715310E-09 1.7931428671E-08 -6.4865042993E-01 -4.3799643136E-04 1.0304656651E-08 1.2341688086E-09 4.3799643136E-04 -6.4865042993E-01
180.00 6.5173562791E-01 8.8817841956E-16 4.0187130767E-18 -9.0542328232E-09 8.8817841984E-16 6.5173562791E-01 2.0706572044E-08 -1.1357040918E-17 -4.0186899156E-18 2.0706572044E-08 -6.5173562791E-01 4.4408920970E-16 9.0542328232E-09 -1.1357014448E-17 -4.4408921000E-16 -6.5173562791E-01
