theta s11 s12 s13 s14 s21 s22 s23 s24 s31 s32 s33 s34 s41 s42 s43 s44
0.00 1.2565427142E+03 0.0000000000E+00 0.0000000000E+00 3.9281707589E-07 0.0000000000E+00 1.2565427142E+03 6.5123950882E-07 0.0000000000E+00 0.0000000000E+00 -6.5123950882E-07 1.2565427142E+03 0.0000000000E+00 3.9281707589E-07 0.0000000000E+00 0.0000000000E+00 1.2565427142E+03
1.00 1.2519846290E+03 9.7459977388E-02 -3.7574258839E-07 1.0100273034E-07 9.7459977388E-02 1.2519846290E+03 1.1795867565E-06 1.2954588250E-07 -3.7584081469E-07 -1.1796077960E-06 1.2519846226E+03 -7.9360560614E-02 1.0096882270E-07 -1.2961279341E-07 7.9360560614E-02 1.2519846226E+03
2.00 1.2383996800E+03 3.8625595109E-01 -7.4725187169E-07 -1.8469906738E-07 3.8625595109E-01 1.2383996800E+03 1.7000307889E-06 2.5528187922E-07 -7.4773499222E-07 -1.7001987564E-06 1.2383995795E+03 -3.1586769462E-01 -1.8496942280E-07 -2.5577316220E-07 3.1586769462E-01 1.2383995795E+03
3.00 1.2160533111E+03 8.5575651509E-01 -1.1106076473E-06 -4.5823423816E-07 8.5575651509E-01 1.2160533111E+03 2.2076185329E-06 3.7373093082E-07 -1.1118955288E-06 -2.2081834608E-06 1.2160528058E+03 -7.0482207431E-01 -4.5914188194E-07 -3.7533341242E-07 7.0482207431E-01 1.2160528058E+03
4.00 1.1853797692E+03 1.4886285042E+00 -1.4619832295E-06 -7.1378346064E-07 1.4886285042E+00 1.1853797692E+03 2.6975187962E-06 4.8156470052E-07 -1.4646248057E-06 -2.6988513728E-06 1.1853781875E+03 -1.2384759761E+00 -7.1591940561E-07 -4.8528147440E-07 1.2384759761E+00 1.1853781875E+03
5.00 1.1469701504E+03 2.2614041893E+00 -1.7976905885E-06 -9.4586855860E-07 2.2614041893E+00 1.1469701504E+03 3.1650725723E-06 5.7566950217E-07 -1.8023581247E-06 -3.1676589277E-06 1.1469663371E+03 -1.9061606380E+00 -9.5000208217E-07 -5.8280070804E-07 1.9061606380E+00 1.1469663371E+03
6.00 1.1015562236E+03 3.1452524032E+00 -2.1142238091E-06 -1.1494523851E-06 3.1452524032E+00 1.1015562236E+03 3.6058419221E-06 6.5320782828E-07 -2.1217055978E-06 -3.6102767203E-06 1.1015484379E+03 -2.6944655950E+00 -1.1565154568E-06 -6.6532547061E-07 2.6944655950E+00 1.1015484379E+03
7.00 1.0499905641E+03 4.1069310906E+00 -2.4083007226E-06 -1.3200304396E-06 4.1069310906E+00 1.0499905641E+03 4.0156566329E-06 7.1167428107E-07 -2.4194922606E-06 -4.0226345177E-06 1.0499764035E+03 -3.5874705740E+00 -1.3310986378E-06 -7.3059131072E-07 3.5874705740E+00 1.0499764035E+03
8.00 9.9322364882E+02 5.1098930068E+00 -2.6769018008E-06 -1.4537124794E-06 5.1098930068E+00 9.9322364882E+02 4.3906585440E-06 7.4894454139E-07 -2.6927955137E-06 -4.4009640055E-06 9.9320000393E+02 -4.5670300870E+00 -1.4699825936E-06 -7.7667849111E-07 4.5670300870E+00 9.9320000393E+02
9.00 9.3227865940E+02 6.1155110624E+00 -2.9173060491E-06 -1.5472926295E-06 6.1155110624E+00 9.3227865940E+02 4.7273426522E-06 7.6331694696E-07 -2.9389796412E-06 -4.7418383971E-06 9.3224170272E+02 -5.6131100382E+00 -1.5700571895E-06 -8.0204848563E-07 5.6131100382E+00 9.3224170272E+02
10.00 8.6822480247E+02 7.0843852994E+00 -3.1271233708E-06 -1.5983068116E-06 7.0843852994E+00 8.6822480247E+02 5.0225948581E-06 7.5354537401E-07 -3.1557268981E-06 -5.0422087934E-06 8.6817001397E+02 -6.7041744327E+00 -1.6289258353E-06 -8.0557222757E-07 6.7041744327E+00 8.6817001397E+02
11.00 8.0214999648E+02 7.9776898576E+00 -3.3043226664E-06 -1.6050763296E-06 7.9776898576E+00 8.0214999648E+02 5.2737257539E-06 7.1886335694E-07 -3.3410644407E-06 -5.2994367109E-06 8.0207222751E+02 -7.8176186796E+00 -1.6449466315E-06 -7.8655013124E-07 7.8176186796E+00 8.0207222751E+02
12.00 7.3513377879E+02 8.7585157421E+00 -3.4472557149E-06 -1.5667372105E-06 8.7585157421E+00 7.3513377879E+02 5.4785000041E-06 6.5899869856E-07 -3.4933871636E-06 -5.5113223590E-06 7.3502735450E+02 -8.9302440602E+00 -1.6172596694E-06 -7.4472323570E-07 8.9302440602E+00 7.3502735450E+02
13.00 6.6822126321E+02 9.3931639104E+00 -3.5546759437E-06 -1.4832543396E-06 9.3931639104E+00 6.6822126321E+02 5.6351611498E-06 5.7417877329E-07 -3.6114755676E-06 -5.6761285170E-06 6.6808012200E+02 -1.0018765794E+01 -1.5457995795E-06 -6.8027576872E-07 1.0018765794E+01 6.6808012200E+02
14.00 6.0239892472E+02 9.8523433341E+00 -3.6257521574E-06 -1.3554208787E-06 9.8523433341E+00 6.0239892472E+02 5.7424511383E-06 4.6512618560E-07 -3.6945087329E-06 -5.7925993427E-06 6.0221679203E+02 -1.1060344886E+01 -1.4312938711E-06 -5.9382889547E-07 1.1060344886E+01 6.0221679203E+02
15.00 5.3857290861E+02 1.0112230371E+01 -3.6600768508E-06 -1.1848424004E-06 1.0112230371E+01 5.3857290861E+02 5.7996246087E-06 3.3304538084E-07 -3.7420720489E-06 -5.8599741615E-06 5.3834350040E+02 -1.2033131736E+01 -1.2752465570E-06 -4.8642634233E-07 1.2033131736E+01 5.3834350040E+02
16.00 4.7755045841E+02 1.0155349113E+01 -3.6576687963E-06 -9.7390665454E-07 1.0155349113E+01 4.7755045841E+02 5.8064575211E-06 1.7960032009E-07 -3.7541593927E-06 -5.8779958452E-06 4.7726770820E+02 -1.2916807455E+01 -1.0799080232E-06 -3.5951210375E-07 1.2916807455E+01 4.7726770820E+02
17.00 4.2002493532E+02 9.9712373704E+00 -3.6189702997E-06 -7.2573919850E-07 9.9712373704E+00 4.2002493532E+02 5.7632498262E-06 6.8839743582E-09 -3.7311701673E-06 -5.8469134981E-06 4.1968323713E+02 -1.3693107214E+01 -8.4823143573E-07 -2.1490105899E-07 1.3693107214E+01 4.1968323713E+02
18.00 3.6656476687E+02 9.5568695367E+00 -3.5448384228E-06 -4.4414628237E-07 9.5568695367E+00 3.6656476687E+02 5.6708225525E-06 -1.8262008114E-07 -3.6739005046E-06 -5.7674798380E-06 3.6615922490E+02 -1.4346308741E+01 -5.8381708980E-07 -5.4742870473E-08 1.4346308741E+01 3.6615922490E+02
19.00 3.1760651859E+02 8.9168156755E+00 -3.4365311722E-06 -1.3354539015E-07 8.9168156755E+00 3.1760651859E+02 5.5305084393E-06 -3.8608256094E-07 -3.5835296437E-06 -5.6409424070E-06 3.1713319348E+02 -1.4863668621E+01 -2.9084516671E-07 1.1851941256E-07 1.4863668621E+01 3.1713319348E+02
20.00 2.7345213630E+02 8.0631254930E+00 -3.2956881064E-06 2.0111447699E-07 8.0631254930E+00 2.7345213630E+02 5.3441370181E-06 -6.0037968206E-07 -3.4616009373E-06 -5.4690295210E-06 2.7290827686E+02 -1.5235789254E+01 2.6001035267E-08 3.0219580607E-07 1.5235789254E+01 2.7290827686E+02
21.00 2.3427026273E+02 7.0149361454E+00 -3.1243062049E-06 5.5444196733E-07 7.0149361454E+00 2.3427026273E+02 5.1140136447E-06 -8.2214916639E-07 -3.3099983453E-06 -5.2539304482E-06 2.3365451184E+02 -1.5456900393E+01 3.6162055622E-07 4.9339940279E-07 1.5456900393E+01 2.3365451184E+02
22.00 2.0010139723E+02 5.7978136877E+00 -2.9247111233E-06 9.2069985909E-07 5.7978136877E+00 2.0010139723E+02 4.8428928566E-06 -1.0478504935E-06 -3.1309185217E-06 -4.9982701907E-06 1.9941396046E+02 -1.5525041112E+01 7.1058681682E-07 6.8909941687E-07 1.5525041112E+01 1.9941396046E+02
23.00 1.7086654426E+02 4.4428489386E+00 -2.6995243922E-06 1.2939074745E-06 4.4428489386E+00 1.7086654426E+02 4.5339464312E-06 -1.2738279793E-06 -2.9268390762E-06 -4.7050792092E-06 1.7010931085E+02 -1.5442130758E+01 1.0672448875E-06 8.8617590139E-07 1.5442130758E+01 1.7010931085E+02
24.00 1.4637889195E+02 2.9855391395E+00 -2.4516271059E-06 1.6679468938E-06 2.9855391395E+00 1.4637889195E+02 4.1907262717E-06 -1.4963759289E-06 -2.7004835277E-06 -4.3777582126E-06 1.4555549860E+02 -1.5213920987E+01 1.4258119139E-06 1.0814754861E-06 1.5213920987E+01 1.4555549860E+02
25.00 1.2635797707E+02 1.4644964983E+00 -2.1841206381E-06 2.0366713354E-06 1.4644964983E+00 1.2635797707E+02 3.8171226894E-06 -1.7118045187E-06 -2.4547835024E-06 -4.0200385290E-06 1.2547380728E+02 -1.4849825111E+01 1.7804791356E-06 1.2718669221E-06 1.4849825111E+01 1.2547380728E+02
26.00 1.1044573171E+02 -7.9966962231E-02 -1.9002849905E-06 2.3940134968E-06 -7.9966962231E-02 1.1044573171E+02 3.4173184548E-06 -1.9165055685E-06 -2.1928387477E-06 -3.6359384180E-06 1.0950784557E+02 -1.4362625657E+01 2.1255134001E-06 1.4542957594E-06 1.4362625657E+01 1.0950784557E+02
27.00 9.8223770602E+01 -1.6073223740E+00 -1.6035354837E-06 2.7340922476E-06 -1.6073223740E+00 9.8223770602E+01 2.9957391617E-06 -2.1070168254E-06 -1.9178756900E-06 -3.2297158004E-06 9.7240762986E+01 -1.3768065949E+01 2.4553566646E-06 1.6258369914E-06 1.3768065949E+01 9.7240762986E+01
28.00 8.9231266604E+01 -3.0783147343E+00 -1.2973781822E-06 3.0513153818E-06 -3.0783147343E+00 8.9231266604E+01 2.5570006249E-06 -2.2800840088E-06 -1.6332048678E-06 -2.8058181172E-06 8.8213054901E+01 -1.3084336563E+01 2.7647213696E-06 1.7837451222E-06 1.3084336563E+01 8.8213054901E+01
29.00 8.2982775192E+01 -4.4563996628E+00 -9.8536503151E-07 3.3404770517E-06 -4.4563996628E+00 8.2982775192E+01 2.1058537044E-06 -2.4327192318E-06 -1.3421782512E-06 -2.3688296281E-06 8.1940321401E+01 -1.2331472309E+01 3.0486804157E-06 1.9255005674E-06 1.2331472309E+01 8.1940321401E+01
30.00 7.8985405552E+01 -5.7090656680E+00 -6.7104895791E-07 3.5968476987E-06 -5.7090656680E+00 7.8985405552E+01 1.6471273976E-06 -2.5622550896E-06 -1.0481466242E-06 -1.9234169869E-06 7.7930380999E+01 -1.1530679803E+01 3.3027497776E-06 2.0488519396E-06 1.1530679803E+01 7.7930380999E+01
31.00 7.6754793060E+01 -6.8089853701E+00 -3.5793965417E-07 3.8162552034E-06 -6.8089853701E+00 7.6754793060E+01 1.1856709449E-06 -2.6663931951E-06 -7.5441776516E-07 -1.4742737625E-06 7.5699197532E+01 -1.0703619429E+01 3.5229626494E-06 2.1518532836E-06 1.0703619429E+01 7.5699197532E+01
32.00 7.5829403035E+01 -7.7349458662E+00 -4.9460609358E-08 3.9951555499E-06 -7.7349458662E+00 7.5829403035E+01 7.2629550386E-07 -2.7432464676E-06 -4.6421592891E-07 -1.0260644500E-06 7.4785153216E+01 -9.8716683249E+00 3.7059335959E-06 2.2328959024E-06 9.8716683249E+00 7.4785153216E+01
33.00 7.5782784639E+01 -8.4725176672E+00 2.5109215458E-07 4.1306919161E-06 -8.4725176672E+00 7.5782784639E+01 2.7371627566E-07 -2.7913741353E-06 -1.8064308750E-07 -5.8336878381E-07 7.4761289283E+01 -9.0551928074E+00 3.8489118364E-06 2.2907340086E-06 9.0551928074E+00 7.4761289283E+01
34.00 7.6233492659E+01 -9.0144330195E+00 5.4058926479E-07 4.2207409336E-06 -9.0144330196E+00 7.6233492659E+01 -1.6750412059E-07 -2.8098089094E-06 9.3357765379E-08 -1.5062715485E-07 7.5245233743E+01 -8.2728592003E+00 3.9498225951E-06 2.3245039517E-06 8.2728592003E+00 7.5245233743E+01
35.00 7.6852499248E+01 -9.3606574310E+00 8.1610444597E-07 4.2639453416E-06 -9.3606574310E+00 7.6852499248E+01 -5.9301049384E-07 -2.7980756743E-06 3.5503659359E-07 2.6791239836E-07 7.5906639246E+01 -7.5410113091E+00 4.0072958874E-06 2.3337366690E-06 7.5410113091E+00 7.5906639246E+01
36.00 7.7368023155E+01 -9.5181522517E+00 1.0749480763E-06 4.2597325602E-06 -9.5181522517E+00 7.7368023155E+01 -9.9870711011E-07 -2.7562010409E-06 6.0186747597E-07 6.6824461174E-07 7.6472058434E+01 -6.8731407240E+00 4.0206824867E-06 2.3183628867E-06 6.8731407240E+00 7.6472058434E+01
37.00 7.7567806288E+01 -9.5003405204E+00 1.3146973566E-06 4.2083185766E-06 -9.5003405204E+00 7.7567806288E+01 -1.3808063234E-06 -2.6847137655E-06 8.3157650741E-07 1.0466542452E-06 7.6727285391E+01 -6.2794728170E+00 3.9900565449E-06 2.2787113319E-06 6.2794728170E+00 7.6727285391E+01
38.00 7.7298962675E+01 -9.3263022651E+00 1.5332227428E-06 4.1106973874E-06 -9.3263022651E+00 7.7298962675E+01 -1.7358731864E-06 -2.5846355839E-06 1.0421660859E-06 1.3997595989E-06 7.6517285889E+01 -5.7666868200E+00 3.9162052492E-06 2.2154996277E-06 5.7666868200E+00 7.6517285889E+01
39.00 7.6465609581E+01 -9.0197383083E+00 1.7287104029E-06 3.9686160416E-06 -9.0197383083E+00 7.6465609581E+01 -2.0608651565E-06 -2.4574626728E-06 1.2319354374E-06 1.7245513975E-06 7.5743922814E+01 -5.3377828972E+00 3.8006056172E-06 2.1298181837E-06 5.3377828972E+00 7.5743922814E+01
40.00 7.5024561831E+01 -8.6077527098E+00 1.8996803758E-06 3.7845358573E-06 -8.6077527098E+00 7.5024561831E+01 -2.3531665154E-06 -2.3051379638E-06 1.3994970580E-06 2.0184266871E-06 7.4361753474E+01 -4.9921029034E+00 3.6453890277E-06 2.0231073584E-06 4.9921029034E+00 7.4361753474E+01
41.00 7.2979426077E+01 -8.1195126688E+00 2.0450001694E-06 3.5615806987E-06 -8.1195126688E+00 7.2979426077E+01 -2.6106167659E-06 -2.1300146603E-06 1.5437888656E-06 2.2792170276E-06 7.2372230509E+01 -4.7255048093E+00 3.4532943679E-06 1.8971281926E-06 4.7255048093E+00 7.2372230509E+01
42.00 7.0373470479E+01 -7.5848505339E+00 2.1638936510E-06 3.3034732450E-06 -7.5848505339E+00 7.0373470479E+01 -2.8315326400E-06 -1.9348117276E-06 1.6640819448E-06 2.5052106068E-06 6.9816676325E+01 -4.5306838898E+00 3.2276106546E-06 1.7539274135E-06 4.5306838898E+00 6.9816676325E+01
43.00 6.7281666285E+01 -7.0328751892E+00 2.2559448968E-06 3.0144607136E-06 -7.0328751892E+00 6.7281666285E+01 -3.0147233572E-06 -1.7225620873E-06 1.7599835646E-06 2.6951679504E-06 6.6768421885E+01 -4.3976270412E+00 2.9721104874E-06 1.5957972646E-06 4.3976270412E+00 6.6768421885E+01
44.00 6.3802301366E+01 -6.4906593372E+00 2.3210971577E-06 2.6992314338E-06 -6.4906593372E+00 6.3802301366E+01 -3.1594986357E-06 -1.4965547009E-06 1.8314356871E-06 2.8483306893E-06 6.3324504333E+01 -4.3141803432E+00 2.6909755756E-06 1.4252311258E-06 4.3141803432E+00 6.3324504333E+01
45.00 6.0048552626E+01 -5.9820650889E+00 2.3596465857E-06 2.3628241964E-06 -5.9820650889E+00 6.0048552626E+01 -3.2656695928E-06 -1.2602715142E-06 1.8787085727E-06 2.9644235689E-06 5.9597305327E+01 -4.2667045258E+00 2.3887160748E-06 1.2448756073E-06 4.2667045258E+00 5.9597305327E+01
46.00 5.6140375934E+01 -5.5267629943E+00 2.3722309410E-06 2.0105320303E-06 -5.5267629943E+00 5.6140375934E+01 -3.3335421596E-06 -1.0173208591E-06 1.9023897642E-06 3.0436492745E-06 5.5706484476E+01 -4.2407886291E+00 2.0700851381E-06 1.0574803856E-06 4.2407886291E+00 5.5706484476E+01
47.00 5.2197030936E+01 -5.1394895692E+00 2.3598132453E-06 1.6478025836E-06 -5.1394895692E+00 5.2197030936E+01 -3.3639033207E-06 -7.7136855869E-07 1.9033683712E-06 3.0866763965E-06 5.1771522033E+01 -4.2219890863E+00 1.7399906111E-06 8.6584663980E-07 4.2219890863E+00 5.1771522033E+01
48.00 4.8330506187E+01 -4.8295760065E+00 2.3236606552E-06 1.2801370944E-06 -4.8295760065E+00 4.8330506187E+01 -3.3580001922E-06 -5.2606830060E-07 1.8828149416E-06 3.0946205112E-06 4.7905134473E+01 -4.1965599016E+00 1.4034055711E-06 6.7277523722E-07 4.1965599016E+00 4.7905134473E+01
49.00 4.4640050522E+01 -4.6007667565E+00 2.2653188093E-06 9.1298997072E-07 -4.6007667565E+00 4.4640050522E+01 -3.3175123414E-06 -2.8499289600E-07 1.8421571479E-06 3.0690187441E-06 4.4207768461E+01 -4.1521396397E+00 1.0652794279E-06 4.8101585971E-07 4.1521396397E+00 4.4207768461E+01
50.00 4.1207952279E+01 -4.4513317482E+00 2.1865819365E-06 5.5167109922E-07 -4.4513317482E+00 4.1207952279E+01 -3.2445178332E-06 -5.1567819026E-08 1.7830515323E-06 3.0117982774E-06 4.0763316046E+01 -4.0783626241E+00 7.3045140767E-07 2.9321801641E-07 4.0783626241E+00 4.0763316046E+01
51.00 3.8096642076E+01 -4.3744609842E+00 2.0894593541E-06 2.0125273550E-07 -4.3744609842E+00 3.8096642076E+01 -3.1414535019E-06 1.7099138482E-07 1.7073519178E-06 2.9252392236E-06 3.7636129496E+01 -3.9673650123E+00 4.0356798211E-07 1.1188509498E-07 3.9673650123E+00 3.7636129496E+01
52.00 3.5347130204E+01 -4.3589158748E+00 1.9761388099E-06 -1.3351709848E-07 -4.3589158748E+00 3.5347130204E+01 -3.0110701923E-06 3.7973655705E-07 1.6170748722E-06 2.8119325673E-06 3.4869351024E+01 -3.8141611453E+00 8.9005889063E-08 -6.0667713093E-08 3.8141611453E+00 3.4869351024E+01
53.00 3.2978729058E+01 -4.3898987252E+00 1.8489473515E-06 -4.4829318910E-07 -4.3898987252E+00 3.2978729058E+01 -2.8563837809E-06 5.7203791062E-07 1.5143628650E-06 2.6747339049E-06 3.2484513228E+01 -3.6168715548E+00 -2.0919799874E-07 -2.2235064870E-07 3.6168715548E+00 3.2484513228E+01
54.00 3.0989956769E+01 -4.4500909361E+00 1.7103104706E-06 -7.3920210584E-07 -4.4500909361E+00 3.0989956769E+01 -2.6806228411E-06 7.4562760326E-07 1.4014457941E-06 2.5167137817E-06 3.0482312804E+01 -3.3767909838E+00 -4.8740859128E-07 -3.7133121315E-07 3.3767909838E+00 3.0482312804E+01
55.00 2.9360472329E+01 -4.5208022750E+00 1.5627103078E-06 -1.0029004953E-06 -4.5208022750E+00 2.9360472329E+01 -2.4871738976E-06 8.9863488903E-07 1.2806016188E-06 2.3411054772E-06 2.8844414819E+01 -3.0982924168E+00 -7.4244540721E-07 -5.0605986278E-07 3.0982924168E+00 2.8844414819E+01
56.00 2.8053856459E+01 -4.5831684461E+00 1.4086436959E-06 -1.2366216319E-06 -4.5831684461E+00 2.8053856459E+01 -2.2795253140E-06 1.0296123816E-06 1.1541167962E-06 2.1512512293E-06 2.7536109033E+01 -2.7885710581E+00 -9.7162536828E-07 -6.2528935302E-07 2.7885710581E+00 2.7536109033E+01
57.00 2.7021027256E+01 -4.6193323694E+00 1.2505809633E-06 -1.4382096403E-06 -4.6193323694E+00 2.7021027256E+01 -2.0612107952E-06 1.1375528566E-06 1.0242474007E-06 1.9505477744E-06 2.6509614364E+01 -2.4572400550E+00 -1.1727950845E-06 -7.2808732761E-07 2.4572400550E+00 2.6509614364E+01
58.00 2.6204065714E+01 -4.6135461500E+00 1.0909262119E-06 -1.6061409652E-06 -4.6135461500E+00 2.6204065714E+01 -1.8357535719E-06 1.2218965534E-06 8.9318157487E-07 1.7423922327E-06 2.5707813097E+01 -2.1157971657E+00 -1.3443522435E-06 -8.1384221551E-07 2.1157971657E+00 2.5707813097E+01
59.00 2.5540223461E+01 -4.5531355654E+00 9.3197995302E-07 -1.7395329937E-06 -4.5531355654E+00 2.5540223461E+01 -1.6066122387E-06 1.2825289506E-06 7.6300415777E-07 1.5301292322E-06 2.5068192678E+01 -1.7769881313E+00 -1.4852560112E-06 -8.8226244515E-07 1.7769881313E+00 2.5068192678E+01
60.00 2.4965892895E+01 -4.4292767336E+00 7.7590480735E-07 -1.8381399843E-06 -4.4292767336E+00 2.4965892895E+01 -1.3771292008E-06 1.3197694097E-06 6.3566416053E-07 1.3170001936E-06 2.4526779547E+01 -1.4540979077E+00 -1.5950265314E-06 -9.3336933185E-07 1.4540979077E+00 2.4526779547E+01
61.00 2.4420337384E+01 -4.2375450142E+00 6.2469487601E-07 -1.9023367690E-06 -4.2375450142E+00 2.4420337384E+01 -1.1504826341E-06 1.3343511026E-06 5.1294567398E-07 1.1060956592E-06 2.4021865350E+01 -1.1602048619E+00 -1.6737339172E-06 -9.6748393700E-07 1.1602048619E+00 2.4021865350E+01
62.00 2.3849004886E+01 -3.9782085721E+00 4.8014938719E-07 -1.9330908996E-06 -3.9782085721E+00 2.3849004886E+01 -9.2964272580E-07 1.3273929779E-06 3.9644280884E-07 9.0031142121E-07 2.3497349888E+01 -9.0743531487E-01 -1.7219772517E-06 -9.8520848353E-07 9.0743531487E-01 2.3497349888E+01
63.00 2.3206280657E+01 -3.6562527236E+00 3.4385101056E-07 -1.9319240805E-06 -3.6562527236E+00 2.3206280657E+01 -7.1733289668E-07 1.3003646437E-06 2.8753906222E-07 7.0230917541E-07 2.2905555658E+01 -7.0625629990E-01 -1.7408542701E-06 -9.8740298009E-07 7.0625629990E-01 2.2905555658E+01
64.00 2.2457571704E+01 -3.2811354805E+00 2.1714918343E-07 -1.9008640670E-06 -3.2811354805E+00 2.2457571704E+01 -5.1599653612E-07 1.2550450708E-06 1.8739148841E-07 5.1448225651E-07 2.2209404070E+01 -5.6484302788E-01 -1.7319227150E-06 -9.7515765626E-07 5.6484302788E-01 2.2209404070E+01
65.00 2.1580655469E+01 -2.8662888449E+00 1.0114855850E-07 -1.8423881990E-06 -2.8662888449E+00 2.1580655469E+01 -3.2776974038E-07 1.1934763054E-06 9.6919803040E-08 3.3892701998E-07 2.1383881625E+01 -4.8855437370E-01 -1.6971542953E-06 -9.4976208212E-07 4.8855437370E-01 2.1383881625E+01
66.00 2.0566265788E+01 -2.4283936653E+00 -3.2973203039E-09 -1.7593599620E-06 -2.4283936653E+00 2.0566265788E+01 -1.5446029241E-07 1.1179132840E-06 1.6800587495E-08 1.7742016863E-07 2.0416763441E+01 -4.7954482782E-01 -1.6388824075E-06 -9.1267170087E-07 4.7954482782E-01 2.0416763441E+01
67.00 1.9417928707E+01 -1.9864675806E+00 -9.5587267520E-08 -1.6549600219E-06 -1.9864675806E+00 1.9417928707E+01 2.4669144274E-09 1.0307709678E-06 -5.2533512894E-08 3.1402328615E-08 1.9308599949E+01 -5.3653501999E-01 -1.5597448161E-06 -8.6547260442E-07 5.3653501999E-01 1.9308599949E+01
68.00 1.8151097365E+01 -1.5608151465E+00 -1.7536879044E-07 -1.5326132792E-06 -1.5608151465E+00 1.8151097365E+01 1.4189800610E-07 9.3456995914E-07 -1.1088968957E-07 -9.8032029959E-08 1.8072008383E+01 -6.5475540067E-01 -1.4626225801E-06 -8.0984531402E-07 6.5475540067E-01 1.8072008383E+01
69.00 1.6791667486E+01 -1.1718962223E+00 -2.4252989789E-07 -1.3959134403E-06 -1.1718962223E+00 1.6791667486E+01 2.6307188603E-07 8.3188180298E-07 -1.5830630203E-07 -2.1013828547E-07 1.6730342666E+01 -8.2606930874E-01 -1.3505764715E-06 -7.4752836653E-07 8.2606930874E-01 1.6730342666E+01
70.00 1.5373981689E+01 -8.3917274793E-01 -2.9718672291E-07 -1.2485466752E-06 -8.3917274793E-01 1.5373981689E+01 3.6557586618E-07 7.2527505071E-07 -1.9503991318E-07 -3.0451911667E-07 1.5315841929E+01 -1.0392728598E+00 -1.2267822063E-06 -6.8028238384E-07 1.0392728598E+00 1.5315841929E+01
71.00 1.3938450996E+01 -5.7999499772E-01 -3.3966751706E-07 -1.0942158095E-06 -5.7999499772E-01 1.3938450996E+01 4.4933546724E-07 6.1726318311E-07 -2.2154853658E-07 -3.8111589717E-07 1.3867378532E+01 -1.2805602768E+00 -1.0944656989E-06 -6.0985533731E-07 1.2805602768E+00 1.3867378532E+01
72.00 1.2528934906E+01 -4.0858624871E-01 -3.7049349694E-07 -9.3656655681E-07 -4.0858624871E-01 1.2528934906E+01 5.1459884889E-07 5.1025528921E-07 -2.3847152453E-07 -4.4019440832E-07 1.2427940188E+01 -1.5341348883E+00 -9.5683962405E-07 -5.3794953841E-07 1.5341348883E+00 1.2427940188E+01
73.00 1.1190027035E+01 -3.3517967779E-01 -3.9035718316E-07 -7.7911707380E-07 -3.3517967779E-01 1.1190027035E+01 5.6191630792E-07 4.0651041925E-07 -2.4660671211E-07 -4.8232522333E-07 1.1041987598E+01 -1.7829384487E+00 -8.1704236637E-07 -4.6619093812E-07 1.7829384487E+00 1.1041987598E+01
74.00 9.9643916385E+00 -3.6535350219E-01 -4.0009874817E-07 -6.2519211614E-07 -3.6535350219E-01 9.9643916385E+00 5.9211548793E-07 3.0809634511E-07 -2.4688531377E-07 -5.0835935050E-07 9.7528286984E+00 -2.0094650838E+00 -6.7808044600E-07 -3.9610117230E-07 2.0094650838E+00 9.7528286984E+00
75.00 8.8902877695E+00 -4.9960030893E-01 -4.0068104283E-07 -4.7786292854E-07 -4.9960030893E-01 8.8902877695E+00 6.0627282237E-07 2.1685335794E-07 -2.4034524662E-07 -5.1939962004E-07 8.6001436510E+00 -2.1966213461E+00 -5.4277540389E-07 -3.2907271048E-07 2.1966213461E+00 8.6001436510E+00
76.00 7.9994030828E+00 -7.3315470382E-01 -3.9316378882E-07 -3.3989382189E-07 -7.3315470382E-01 7.9994030828E+00 6.0568195677E-07 1.3436365706E-07 -2.2810339376E-07 -5.1676854401E-07 7.6177817289E+00 -2.3285908597E+00 -4.1371595162E-07 -2.6634745896E-07 2.3285908597E+00 7.6177817289E+00
77.00 7.3150992901E+00 -1.0560904460E+00 -3.7867755049E-07 -2.1369632414E-07 -1.0560904460E+00 7.3150992901E+00 5.9181971835E-07 6.1926695521E-08 -2.1132745845E-07 -5.0197323849E-07 6.8319329814E+00 -2.3916609984E+00 -2.9321617809E-07 -2.0899899059E-07 2.3916609984E+00 6.8319329814E+00
78.00 6.8511471863E+00 -1.4536847634E+00 -3.5839792702E-07 -1.0129154012E-07 -1.4536847634E+00 6.8511471863E+00 5.6631040108E-07 5.4081765997E-10 -1.9120792181E-07 -4.7666820419E-07 6.2597552288E+00 -2.3749700741E+00 -1.8328035554E-07 -1.5791863051E-07 2.3749700741E+00 6.2597552288E+00
79.00 6.6110022225E+00 -1.9070342240E+00 -3.3352044533E-07 -4.2812797867E-09 -1.9070342240E+00 6.6110022225E+00 5.3088898902E-07 -4.9108657520E-08 -1.6893065651E-07 -4.4261665362E-07 5.9085116101E+00 -2.2711365895E+00 -8.5574856959E-08 -1.1380546074E-07 2.2711365895E+00 5.9085116101E+00
80.00 6.5876431830E+00 -2.3938940152E+00 -3.0523654721E-07 7.6171728744E-08 -2.3938940152E+00 6.5876431830E+00 4.8736399703E-07 -8.6654836386E-08 -1.4565069718E-07 -4.0165114242E-07 5.7752469299E+00 -2.0767371161E+00 -1.4074780752E-09 -7.7160291841E-08 2.0767371161E+00 5.7752469299E+00
81.00 6.7639679759E+00 -2.8897013426E+00 -2.7471101489E-07 1.3935431448E-07 -2.8897013426E+00 6.7639679759E+00 4.3758057476E-07 -1.1204817908E-07 -1.2246760183E-07 -3.5563425280E-07 5.8470037074E+00 -1.7926060850E+00 6.8285603823E-08 -4.8283564429E-08 1.7926060850E+00 5.8470037074E+00
82.00 7.1137131940E+00 -3.3687344334E+00 -2.4306113008E-07 1.8500407288E-07 -3.3687344334E+00 7.1137131940E+00 3.8338448545E-07 -1.2554907600E-07 -1.0040283898E-07 -3.0642003442E-07 6.1015523982E+00 -1.4239389226E+00 1.2294525384E-07 -2.7277137856E-08 1.4239389226E+00 6.1015523982E+00
83.00 7.6028391657E+00 -3.8053517349E+00 -2.1133782550E-07 2.1330140579E-07 -3.8053517349E+00 7.6028391657E+00 3.2658754355E-07 -1.2771435488E-07 -8.0379548479E-08 -2.5581691504E-07 6.5085859281E+00 -9.8018915017E-01 1.6238720522E-07 -1.4049770694E-08 9.8018915017E-01 6.5085859281E+00
84.00 8.1913007683E+00 -4.1752516442E+00 -1.8050900823E-07 2.2485274926E-07 -4.1752516442E+00 8.1913007683E+00 2.6893504433E-07 -1.1937802088E-07 -6.3204988485E-08 -2.0555271998E-07 7.0313074925E+00 -4.7475986449E-01 1.8679257441E-07 -8.3261496433E-09 4.7475986449E-01 7.0313074925E+00
85.00 8.8351071982E+00 -4.4566916863E+00 -1.5144523419E-07 2.2066543463E-07 -4.4566916863E+00 8.8351071982E+00 2.1207568312E-07 -1.0162667684E-07 -4.9555939995E-08 -1.5724240857E-07 7.6283234174E+00 7.5500040274E-02 1.9669138257E-07 -9.6591887553E-09 -7.5500040274E-02 7.6283234174E+00
86.00 9.4885618632E+00 -4.6316075148E+00 -1.2490785086E-07 2.0211482650E-07 -4.6316075148E+00 9.4885618632E+00 1.5753440228E-07 -7.5770136164E-08 -3.9967282023E-08 -1.1235906147E-07 8.2557404070E+00 6.5097495489E-01 1.9293959399E-07 -1.7445314751E-08 -6.5097495489E-01 8.2557404070E+00
87.00 1.0106566981E+01 -4.6865763716E+00 -1.0153968661E-07 1.7090444913E-07 -4.6865763716E+00 1.0106566981E+01 1.0668856067E-07 -4.3307826810E-08 -3.4823877321E-08 -7.2208603590E-08 8.8693591569E+00 1.2301082051E+00 1.7669021337E-07 -3.0942360102E-08 -1.2301082051E+00 8.8693591569E+00
88.00 1.0646876529E+01 -4.6135765030E+00 -8.1858348389E-08 1.2902003081E-07 -4.6135765030E+00 1.0646876529E+01 6.0747734458E-08 -5.8916267657E-09 -3.4355886396E-08 -3.7908632209E-08 9.4268542724E+00 1.7903380154E+00 1.4935921102E-07 -4.9289729220E-08 -1.7903380154E+00 9.4268542724E+00
89.00 1.1072185792E+01 -4.4105031672E+00 -6.6252143097E-08 7.8678393544E-08 -4.4105031672E+00 1.1072185792E+01 2.0737432247E-08 3.4714109864E-08 -3.8637530802E-08 -1.0371683978E-08 9.8898336461E+00 2.3091016621E+00 1.1258697660E-07 -7.1530334134E-08 -2.3091016621E+00 9.8898336461E+00
90.00 1.1351955554E+01 -4.0814128731E+00 -5.4978610114E-08 2.2272271243E-08 -4.0814128731E+00 1.1351955554E+01 -1.2513099636E-08 7.6674578084E-08 -4.7589295369E-08 9.7068639299E-09 1.0225678619E+01 2.7648617774E+00 6.8196184628E-08 -9.6633867638E-08 -2.7648617774E+00 1.0225678619E+01
91.00 1.1463883471E+01 -3.6364798526E+00 -4.8165631815E-08 -3.7687783510E-08 -3.6364798526E+00 1.1463883471E+01 -3.8378856861E-08 1.1812778396E-07 -6.0983482176E-08 2.1856129566E-08 1.0409078863E+01 3.1381070322E+00 1.8147008462E-08 -1.2352093547E-07 -3.1381070322E+00 1.0409078863E+01
92.00 1.1394953511E+01 -3.0916619499E+00 -4.5815035562E-08 -9.8633270056E-08 -3.0916619499E+00 1.1394953511E+01 -5.6442796379E-08 1.5722818984E-07 -7.8452967565E-08 2.5832274821E-08 1.0423192279E+01 3.4122799734E+00 -3.5509430792E-08 -1.5108750732E-07 -3.4122799734E+00 1.0423192279E+01
93.00 1.1142015723E+01 -2.4680865132E+00 -4.7808568533E-08 -1.5799814262E-07 -2.4680865132E+00 1.1142015723E+01 -6.6495317794E-08 1.9218988612E-07 -9.9502931206E-08 2.1616326074E-08 1.0260379456E+01 3.5745876333E+00 -9.0678378903E-08 -1.7822918808E-07 -3.5745876333E+00 1.0260379456E+01
94.00 1.0711871912E+01 -1.7911799121E+00 -5.3916105368E-08 -2.1327855315E-07 -1.7911799121E+00 1.0711871912E+01 -6.8529640215E-08 2.2132846015E-07 -1.2352529749E-07 9.4074547217E-09 9.9224834160E+00 3.6166555331E+00 -1.4526857240E-07 -2.0386482838E-07 -3.6166555331E+00 9.9224834160E+00
95.00 1.0120866963E+01 -1.0895763971E+00 -6.3805902179E-08 -2.6209073747E-07 -1.0895763971E+00 1.0120866963E+01 -6.2733234582E-08 2.4310071096E-07 -1.4981554191E-07 -1.0388049192E-08 9.4206474442E+00 3.5349926576E+00 -1.9723823227E-07 -2.2695896517E-07 -3.5349926576E+00 9.4206474442E+00
96.00 9.3940094538E+00 -3.9385263629E-01 -7.7056653898E-08 -3.0222590913E-07 -3.9385263629E-01 9.3940094538E+00 -4.9475598623E-08 2.5614144056E-07 -1.7759145837E-07 -3.7171755879E-08 8.7746857581E+00 3.3312435463E+00 -2.4463903615E-07 -2.4654267182E-07 -3.3312435463E+00 8.7746857581E+00
97.00 8.5636677337E+00 2.6485707254E-01 -9.3171104944E-08 -3.3170107453E-07 2.6485707254E-01 8.5636677337E+00 -2.9292679567E-08 2.5929655861E-07 -2.0601345069E-07 -7.0171627122E-08 8.0120425650E+00 3.0122134257E+00 -2.8565722361E-07 -2.6173238767E-07 -3.0122134257E+00 8.0120425650E+00
98.00 7.6679077435E+00 8.5630358471E-01 -1.1159091426E-07 -3.4880476391E-07 8.5630358471E-01 7.6679077435E+00 -2.8683799605E-09 2.5165186670E-07 -2.3420585999E-07 -1.0846359736E-07 7.1663937828E+00 2.5896628126E+00 -3.1865105502E-07 -2.7174642944E-07 -2.5896628126E+00 7.1663937828E+00
99.00 6.7485556826E+00 1.3525586697E+00 -1.3171245047E-07 -3.5213680270E-07 1.3525586697E+00 6.7485556826E+00 2.8986431464E-08 2.3255691817E-07 -2.6127881961E-07 -1.5099569480E-07 6.2759615380E+00 2.0798787513E+00 -3.4218396954E-07 -2.7591887704E-07 -2.0798787513E+00 6.2759615380E+00
100.00 5.8490813801E+00 1.7293778601E+00 -1.5290316797E-07 -3.4064134109E-07 1.7293778601E+00 5.8490813801E+00 6.5356880157E-08 2.0164346867E-07 -2.8635010610E-07 -1.9661411006E-07 5.3816238422E+00 1.5030402619E+00 -3.5505286014E-07 -2.7371064408E-07 -1.5030402619E+00 5.3816238422E+00
101.00 5.0124063590E+00 1.9674265209E+00 -1.7451818528E-07 -3.1363251496E-07 1.9674265209E+00 5.0124063590E+00 1.0524849858E-07 1.5883813059E-07 -3.0856644735E-07 -2.4409062400E-07 4.5249101092E+00 8.8240517695E-01 -3.5631101913E-07 -2.6471760199E-07 -8.8240517695E-01 4.5249101092E+00
102.00 4.2787437589E+00 2.0533101346E+00 -1.9591673555E-07 -2.7081224050E-07 2.0533101346E+00 4.2787437589E+00 1.4761249511E-07 1.0436897578E-07 -3.2712380097E-07 -2.9215075883E-07 3.7459771157E+00 2.4335384455E-01 -3.4528540486E-07 -2.4867573470E-07 -2.4335384455E-01 3.7459771157E+00
103.00 3.6835753623E+00 1.9803573398E+00 -2.1647808493E-07 -2.1227981359E-07 1.9803573398E+00 3.6835753623E+00 1.9137135366E-07 3.8765909443E-08 -3.4128609265E-07 -3.3950207206E-07 3.0816595546E+00 -3.8766821623E-01 -3.2158802676E-07 -2.2546332138E-07 3.8766821623E-01 3.0816595546E+00
104.00 3.2558640845E+00 1.7491142010E+00 -2.3561658742E-07 -1.3853314554E-07 1.7491142010E+00 3.2558640845E+00 2.3544416139E-07 -3.7145197157E-08 -3.5040198409E-07 -3.8486196918E-07 2.5636845935E+00 -9.8426203499E-01 -2.8512137297E-07 -1.9510028850E-07 9.8426203499E-01 2.5636845935E+00
105.00 3.0165887628E+00 1.3675201474E+00 -2.5279554817E-07 -5.0461614713E-08 1.3675201474E+00 3.0165887628E+00 2.7877113902E-07 -1.2225454861E-07 -3.5391929173E-07 -4.2698448872E-07 2.2171311512E+00 -1.5211922523E+00 -2.3607789994E-07 -1.5774487366E-07 1.5211922523E+00 2.2171311512E+00
106.00 2.9776724766E+00 8.5074952272E-01 -2.6753961474E-07 5.0669311469E-08 8.5074952272E-01 2.9776724766E+00 3.2033683457E-07 -2.1518642732E-07 -3.5139674826E-07 -4.6468551851E-07 2.0592024163E+00 -1.9754604618E+00 -1.7493375845E-07 -1.1368783982E-07 1.9754604618E+00 2.0592024163E+00
107.00 3.1413566791E+00 2.2071720161E-01 -2.7944541052E-07 1.6324136412E-07 2.2071720161E-01 3.1413566791E+00 3.5919155645E-07 -3.1432285851E-07 -3.4251285433E-07 -4.9686600156E-07 2.0983650885E+00 -2.3272880479E+00 -1.0243701733E-07 -6.3344514990E-08 2.3272880479E+00 2.0983650885E+00
108.00 3.5000520135E+00 -4.9473835211E-01 -2.8819026232E-07 2.8531422324E-07 -4.9473835211E-01 3.5000520135E+00 3.9447056775E-07 -4.1783251215E-07 -3.2707170093E-07 -5.2253268800E-07 2.3338916610E+00 -2.5609661800E+00 -1.9590760044E-08 -7.2449400175E-09 2.5609661800E+00 2.3338916610E+00
109.00 4.0366738255E+00 -1.2629665110E+00 -2.9353882068E-07 4.1466312737E-07 -1.2629665110E+00 4.0366738255E+00 4.2541075695E-07 -5.2370432627E-07 -3.0500568409E-07 -5.4081612444E-07 2.7558235934E+00 -2.6655369981E+00 7.2368504242E-08 5.3977516736E-08 2.6655369981E+00 2.7558235934E+00
110.00 4.7254471425E+00 -2.0478684689E+00 -2.9534752376E-07 5.4882258720E-07 -2.0478684689E+00 4.7254471425E+00 4.5136446019E-07 -6.2978527098E-07 -2.7637514544E-07 -5.5098560395E-07 3.3453543046E+00 -2.6352779754E+00 1.7199654856E-07 1.1959878522E-07 2.6352779754E+00 3.3453543046E+00
111.00 5.5331433505E+00 -2.8114594841E+00 -2.9356684281E-07 6.8513538151E-07 -2.8114594841E+00 5.5331433505E+00 4.7181026021E-07 -7.3382155069E-07 -2.4136506237E-07 -5.5246088602E-07 4.0756123831E+00 -2.4699705684E+00 2.7767069470E-07 1.8881759755E-07 2.4699705684E+00 4.0756123831E+00
112.00 6.4206900278E+00 -3.5155647420E+00 -2.8824133562E-07 8.2080585811E-07 -3.5155647420E+00 6.4206900278E+00 4.8636062599E-07 -8.3350252663E-07 -2.0027896373E-07 -5.4482059130E-07 4.9128080781E+00 -2.1749440833E+00 3.8762197005E-07 2.6076958111E-07 2.1749440833E+00 4.9128080781E+00
113.00 7.3450773653E+00 -4.1235764113E+00 -2.7950758678E-07 9.5295651177E-07 -4.1235764113E+00 7.3450773653E+00 4.9476634885E-07 -9.2650653799E-07 -1.5353035803E-07 -5.2780721651E-07 5.8176907200E+00 -1.7608957290E+00 4.9996948755E-07 3.3454162974E-07 1.7608957290E+00 5.8176907200E+00
114.00 8.2614701640E+00 -4.6021946386E+00 -2.6759013996E-07 1.0786867338E-06 -4.6021946386E+00 8.2614701640E+00 4.9691781197E-07 -1.0105478045E-06 -1.0163197205E-07 -5.0132884001E-07 6.7472518526E+00 -1.2434975743E+00 6.1275635757E-07 4.0918630238E-07 1.2434975743E+00 6.7472518526E+00
115.00 9.1254242530E+00 -4.9230736615E+00 -2.5279557903E-07 1.1951325770E-06 -4.9230736615E+00 9.1254242530E+00 4.9284317008E-07 -1.0834235257E-06 -4.5183180977E-08 -4.6545759683E-07 7.6565990254E+00 -6.4281014654E-01 7.2398642723E-07 4.8373602007E-07 6.4281014654E-01 7.6565990254E+00
116.00 9.8951007845E+00 -5.0642960837E+00 -2.3550494290E-07 1.2995263623E-06 -5.0642960837E+00 9.8951007845E+00 4.8270361283E-07 -1.1430602814E-06 1.5143982730E-08 -4.2042511136E-07 8.5009187457E+00 1.7469729678E-02 8.3166117344E-07 5.5721684615E-07 -1.7469729678E-02 8.5009187457E+00
117.00 1.0533371526E+01 -5.0116036905E+00 -2.1616469780E-07 1.3892549328E-06 -5.0116036905E+00 1.0533371526E+01 4.6678593788E-07 -1.1875588517E-06 7.8619825256E-08 -3.6661512564E-07 9.2374442062E+00 7.1089288515E-01 9.3381606006E-07 6.2866171642E-07 -7.1089288515E-01 9.2374442062E+00
118.00 1.1009712995E+01 -4.7593218485E+00 -1.9527648484E-07 1.4619153937E-06 -4.7593218485E+00 1.1009712995E+01 4.4549265781E-07 -1.2152365739E-06 1.4447256091E-07 -3.0455355389E-07 9.8273441291E+00 1.4092349488E+00 1.0285557334E-06 6.9712299147E-07 -1.4092349488E+00 9.8273441291E+00
119.00 1.1301796877E+01 -4.3109262750E+00 -1.7338586599E-07 1.5153672085E-06 -4.3109262750E+00 1.1301796877E+01 4.1932998053E-07 -1.2246663528E-06 2.1190409682E-07 -2.3489633173E-07 1.0237453269E+01 2.0835253490E+00 1.1140874757E-06 7.6168421027E-07 -2.0835253490E+00 1.0237453269E+01
120.00 1.1396698197E+01 -3.6792153538E+00 -1.5107034211E-07 1.5477795651E-06 -3.6792153538E+00 1.1396698197E+01 3.8889396220E-07 -1.2147115119E-06 2.8010559778E-07 -1.5841534996E-07 1.0441772531E+01 2.7050860576E+00 1.1887523454E-06 8.2147099891E-07 -2.7050860576E+00 1.0441772531E+01
121.00 1.1291660499E+01 -2.8860676596E+00 -1.2892685796E-07 1.5576730283E-06 -2.8860676596E+00 1.1291660499E+01 3.5485519450E-07 -1.1845557374E-06 3.4827251820E-07 -7.5982854985E-08 1.0422676925E+01 3.2465390823E+00 1.2510535203E-06 8.7566110436E-07 -3.2465390823E+00 1.0422676925E+01
122.00 1.0994378083E+01 -1.9617822687E+00 -1.0755903967E-07 1.5439545924E-06 -1.9617822687E+00 1.0994378083E+01 3.1794237604E-07 -1.1337273659E-06 4.1561878702E-07 1.1445320140E-08 1.0171782146E+01 3.6827445940E+00 1.2996814381E-06 9.2349346803E-07 -3.6827445940E+00 1.0171782146E+01
123.00 1.0522778042E+01 -9.4401802528E-01 -8.7564388998E-08 1.5059453388E-06 -9.4401802528E-01 1.0522778042E+01 2.7892514248E-07 -1.0621174654E-06 4.8138988190E-07 1.0284733079E-07 9.6904349603E+00 3.9916360005E+00 1.3335353244E-06 9.6427639500E-07 -3.9916360005E+00 9.6904349603E+00
124.00 9.9043085409E+00 1.2363363066E-01 -6.9521658953E-08 1.4434001037E-06 1.2363363066E-01 9.9043085409E+00 2.3859651505E-07 -9.6999114207E-07 5.4487459248E-07 1.9715332686E-07 8.9898080800E+00 4.1549239565E+00 1.3517408710E-06 9.9739473721E-07 -4.1549239565E+00 8.9898080800E+00
125.00 9.1747632164E+00 1.1933902089E+00 -5.3978613551E-08 1.3565186250E-06 1.1933902089E+00 9.1747632164E+00 1.9775531077E-07 -8.5799173488E-07 6.0541530197E-07 2.9326357362E-07 8.0905962398E+00 4.1586479018E+00 1.3536637745E-06 1.0223161389E-06 -4.1586479018E+00 8.0905962398E+00
126.00 8.3766937067E+00 2.2152663823E+00 -4.1440383463E-08 1.2459479063E-06 2.2152663823E+00 8.3766937067E+00 1.5718890656E-07 -7.2713760706E-07 6.6241668916E-07 3.9006630568E-07 7.0223260938E+00 3.9935608851E+00 1.3389190386E-06 1.0385963126E-06 -3.9935608851E+00 7.0223260938E+00
127.00 7.5574821363E+00 3.1392281008E+00 -3.2358602295E-08 1.1127756435E-06 3.1392281008E+00 7.5574821363E+00 1.1765662150E-07 -5.7881144265E-07 7.1535279103E-07 4.8645508451E-07 5.8223076896E+00 3.6553407966E+00 1.3073759338E-06 1.0458833364E-06 -3.6553407966E+00 5.8223076896E+00
128.00 6.7671618310E+00 3.9174220401E+00 -2.7121513922E-08 9.5851475961E-07 3.9174220401E+00 6.7671618310E+00 7.9874100827E-08 -4.1474207620E-07 7.6377239443E-07 5.8134531600E-07 4.5342691103E+00 3.1446283471E+00 1.2591585953E-06 1.0439209755E-06 -3.1446283471E+00 4.5342691103E+00
129.00 6.0560869373E+00 4.5063838268E+00 -2.6045221813E-08 7.8507930710E-07 4.5063838268E+00 6.0560869373E+00 4.4498943626E-08 -2.3697908829E-07 8.0730279903E-07 6.7368975425E-07 3.2067278843E+00 2.4668988781E+00 1.1946423383E-06 1.0325510221E-06 -2.4668988781E+00 3.2067278843E+00
130.00 5.4725593210E+00 4.8691266844E+00 -2.9366247554E-08 5.9475214179E-07 4.8691266844E+00 5.4725593210E+00 1.2117877052E-08 -4.7860520441E-08 8.4565198224E-07 7.6249274775E-07 1.8911625356E+00 1.6321810918E+00 1.1144457967E-06 1.0117146358E-06 -1.6321810918E+00 1.8911625356E+00
131.00 5.0605237486E+00 4.9770147445E+00 -3.7235571845E-08 3.9014501357E-07 4.9770147445E+00 5.0605237486E+00 -1.6764316441E-08 1.5002576870E-07 8.7860925708E-07 8.4682308158E-07 6.4005485827E-01 6.5464083331E-01 1.0194190998E-06 9.8145267355E-07 -6.5464083331E-01 6.4005485827E-01
132.00 4.8574398035E+00 4.8113322637E+00 -4.9714262929E-08 1.7415181486E-07 4.8113322637E+00 4.8574398035E+00 -4.1733872264E-08 3.5388638501E-07 9.0604452436E-07 9.2582528523E-07 -4.9512208171E-01 -4.4794800695E-01 9.1062831234E-07 9.4190502262E-07 4.4794800695E-01 -4.9512208171E-01
133.00 4.8924313346E+00 4.3644711738E+00 -6.6770855493E-08 -5.0104048319E-08 4.3644711738E+00 4.8924313346E+00 -6.2474982161E-08 5.6077151567E-07 9.2790621879E-07 9.9872930688E-07 -1.4658936852E+00 -1.6548206671E+00 7.8933646750E-07 8.9330892460E-07 1.6548206671E+00 -1.4658936852E+00
134.00 5.1848018549E+00 3.6406743608E+00 -8.8280548838E-08 -2.7932711717E-07 3.6406743608E+00 5.1848018549E+00 -7.8774440015E-08 7.6762788908E-07 9.4421808633E-07 1.0648584984E-06 -2.2286761636E+00 -2.9429004453E+00 6.5698154215E-07 8.3599630050E-07 2.9429004453E+00 -2.2286761636E+00
135.00 5.7429877625E+00 2.6562902129E+00 -1.1402632500E-07 -5.1011094445E-07 2.6562902129E+00 5.7429877625E+00 -9.0523931141E-08 9.7135455588E-07 9.5507491442E-07 1.1236358873E-06 -2.7465005528E+00 -4.2875127356E+00 5.1515178144E-07 7.7039010887E-07 4.2875127356E+00 -2.7465005528E+00
136.00 6.5640013201E+00 1.4395145464E+00 -1.4370199832E-07 -7.3900155929E-07 1.4395145464E+00 6.5640013201E+00 -9.7719906760E-08 1.1688602708E-06 9.6063734969E-07 1.1745887191E-06 -2.9905042942E+00 -5.6631082691E+00 3.6555883123E-07 6.9699975719E-07 5.6631082691E+00 -2.9905042942E+00
137.00 7.6333929326E+00 2.9618100604E-02 -1.7691720718E-07 -9.6256195024E-07 2.9618100604E-02 7.6333929326E+00 -1.0046106113E-07 1.3571213269E-06 9.6112593596E-07 1.2173513140E-06 -2.9411354423E+00 -7.0439713757E+00 2.1000915290E-07 6.1641560794E-07 7.0439713757E+00 -2.9411354423E+00
138.00 8.9257384424E+00 -1.5243195784E+00 -2.1320430866E-07 -1.1774362355E-06 -1.5243195784E+00 8.9257384424E+00 -9.8943498894E-08 1.5332385887E-06 9.5681449620E-07 1.2516662737E-06 -2.5890256972E+00 -8.4048915820E+00 5.0374226434E-08 5.2930265634E-07 8.4048915820E+00 -2.5890256972E+00
139.00 1.0405633031E+01 -3.1651269170E+00 -2.5202707285E-07 -1.3804121970E-06 -3.1651269170E+00 1.0405633031E+01 -9.3453685077E-08 1.6944924853E-06 9.4802300649E-07 1.2773841064E-06 -1.9355011310E+00 -9.7217799679E+00 -1.1143992257E-07 4.3639341982E-07 9.7217799679E+00 -1.9355011310E+00
140.00 1.2029149987E+01 -4.8296441839E+00 -2.9279102685E-07 -1.5684808561E-06 -4.8296441839E+00 1.2029149987E+01 -8.4359383149E-08 1.8383947949E-06 9.3511007160E-07 1.2944613529E-06 -9.9271320755E-01 -1.0972215226E+01 -2.7352333150E-07 3.3848014808E-07 1.0972215226E+01 -9.9271320755E-01
141.00 1.3745701156E+01 -6.4511327413E+00 -3.3485526682E-07 -1.7388918759E-06 -6.4511327413E+00 1.3745701156E+01 -7.2098790142E-08 1.9627361045E-06 9.1846513914E-07 1.3029573241E-06 2.1661305290E-01 -1.2135908099E+01 -4.3399231343E-07 2.3640642390E-07 1.2135908099E+01 2.1661305290E-01
142.00 1.5500217287E+01 -7.9618931709E+00 -3.7754546975E-07 -1.8892036458E-06 -7.9618931709E+00 1.5500217287E+01 -5.7168160291E-08 2.0656278987E-06 8.9850057052E-07 1.3030295265E-06 1.6598026672E+00 -1.3195076665E+01 -5.9101871429E-07 1.3105825485E-07 1.3195076665E+01 1.6598026672E+00
143.00 1.7235551650E+01 -9.2959850327E+00 -4.2016785101E-07 -2.0173270827E-06 -9.2959850327E+00 1.7235551650E+01 -4.0108268929E-08 2.1455384321E-06 8.7564370948E-07 1.2949279386E-06 3.2952012498E+00 -1.4134728567E+01 -7.4285776068E-07 2.3354819410E-08 1.4134728567E+01 3.2952012498E+00
144.00 1.8894999758E+01 -1.0391934875E+01 -4.6202368919E-07 -2.1215622411E-06 -1.0391934875E+01 1.8894999758E+01 -2.1489997984E-08 2.2013215875E-06 8.5032903692E-07 1.2789882294E-06 5.0734551299E+00 -1.4942849744E+01 -8.8787390607E-07 -8.5761137943E-08 1.4942849744E+01 5.0734551299E+00
145.00 2.0424822446E+01 -1.1195317901E+01 -5.0242409746E-07 -2.2006271144E-06 -1.1195317901E+01 2.0424822446E+01 -1.8995273371E-09 2.2322381678E-06 8.2299059125E-07 1.2556240582E-06 6.9390525418E+00 -1.5610502198E+01 -1.0245643315E-06 -1.9533300551E-07 1.5610502198E+01 6.9390525418E+00
146.00 2.1776658947E+01 -1.1661102487E+01 -5.4070463481E-07 -2.2536780402E-06 -1.1661102487E+01 2.1776658947E+01 1.8076544115E-08 2.2379692164E-06 7.9405468677E-07 1.2253186361E-06 8.8320683090E+00 -1.6131836011E+01 -1.1515795978E-06 -3.0440009840E-07 1.6131836011E+01 8.8320683090E+00
147.00 2.2909721218E+01 -1.1755655478E+01 -5.7623938839E-07 -2.2803214699E-06 -1.1755655478E+01 2.2909721218E+01 3.7865726265E-08 2.2186211086E-06 7.6393315726E-07 1.1886156044E-06 1.0690047665E+01 -1.6504022888E+01 -1.2677411632E-06 -4.1200736465E-07 1.6504022888E+01 1.0690047665E+01
148.00 2.3792670157E+01 -1.1458319373E+01 -6.0845415181E-07 -2.2806168931E-06 -1.1458319373E+01 2.3792670157E+01 5.6923388333E-08 2.1747224284E-06 7.3301708939E-07 1.1461095131E-06 1.2449960643E+01 -1.6727120203E+01 -1.3720554531E-06 -5.1721489612E-07 1.6727120203E+01 1.2449960643E+01
149.00 2.4405088246E+01 -1.0762489771E+01 -6.3683828279E-07 -2.2550710403E-06 -1.0762489771E+01 2.4405088246E+01 7.4745427667E-08 2.1072127136E-06 7.0167131007E-07 1.0984358961E-06 1.4050156996E+01 -1.6803875583E+01 -1.4637242185E-06 -6.1910718108E-07 1.6803875583E+01 1.4050156996E+01
150.00 2.4738480835E+01 -9.6761418485E+00 -6.6095499901E-07 -2.2046235246E-06 -9.6761418485E+00 2.4738480835E+01 9.0879483712E-08 2.0174234426E-06 6.7022954213E-07 1.0462612434E-06 1.5432252870E+01 -1.6739482797E+01 -1.5421510860E-06 -7.1680196225E-07 1.6739482797E+01 1.5432252870E+01
151.00 2.4796758942E+01 -8.2217774411E+00 -6.8044975823E-07 -2.1306244167E-06 -8.2217774411E+00 2.4796758942E+01 1.0493440728E-07 1.9070516511E-06 6.3899046224E-07 9.9027289261E-07 1.6542884461E+01 -1.6541299933E+01 -1.6069442415E-06 -8.0945855720E-07 1.6541299933E+01 1.6542884461E+01
152.00 2.4596179223E+01 -6.4357884177E+00 -6.9505650177E-07 -2.0348042011E-06 -6.4357884177E+00 2.4596179223E+01 1.1658780792E-07 1.7781269036E-06 6.0821459318E-07 9.3116909589E-07 1.7335270321E+01 -1.6218540708E+01 -1.6579151413E-06 -8.9628569476E-07 1.6218540708E+01 1.7335270321E+01
153.00 2.4164740565E+01 -4.3672564571E+00 -7.0460166818E-07 -1.9192369058E-06 -4.3672564571E+00 2.4164740565E+01 1.2559144756E-07 1.6329722478E-06 5.7812211711E-07 8.6964934747E-07 1.7770532680E+01 -1.5781949369E+01 -1.6950735174E-06 -9.7654860952E-07 1.5781949369E+01 1.7770532680E+01
154.00 2.3541060599E+01 -2.0762330018E+00 -7.0900576317E-07 -1.7862971553E-06 -2.0762330018E+00 2.3541060599E+01 1.3177446065E-07 1.4741600568E-06 5.4889166077E-07 8.0640509942E-07 1.7818738642E+01 -1.5243468892E+01 -1.7186186677E-06 -1.0495754752E-06 1.5243468892E+01 1.7818738642E+01
155.00 2.2772778206E+01 3.6843496294E-01 -7.0828260007E-07 -1.6386121107E-06 3.6843496294E-01 2.2772778206E+01 1.3504429557E-07 1.3044636323E-06 5.2065997638E-07 7.4211104550E-07 1.7459633929E+01 -1.4615911396E+01 -1.7289274341E-06 -1.1147629875E-06 1.4615911396E+01 1.7459633929E+01
156.00 2.1914548877E+01 2.8916484978E+00 -7.0253616537E-07 -1.4790092007E-06 2.8916484978E+00 2.1914548877E+01 1.3538551062E-07 1.1268056143E-06 4.9352252062E-07 6.7741705305E-07 1.6683054511E+01 -1.3912638630E+01 -1.7265390265E-06 -1.1715811855E-06 1.3912638630E+01 1.6683054511E+01
157.00 2.1025717658E+01 5.4148692279E+00 -6.9195529495E-07 -1.3104608039E-06 5.4148692279E+00 2.1025717658E+01 1.3285647467E-07 9.4420410691E-07 4.6753491101E-07 6.1294083083E-07 1.5489014345E+01 -1.3147259367E+01 -1.7121372154E-06 -1.2195773303E-06 1.3147259367E+01 1.5489014345E+01
158.00 2.0167768530E+01 7.8590889054E+00 -6.7680636496E-07 -1.1360268383E-06 7.8590889054E+00 2.0167768530E+01 1.2758415330E-07 7.5971765657E-07 4.4271510900E-07 5.4926147707E-07 1.3887480023E+01 -1.2333349409E+01 -1.6865302242E-06 -1.2583789157E-06 1.2333349409E+01 1.3887480023E+01
159.00 1.9401659055E+01 1.0147837329E+01 -6.5742417480E-07 -9.5879648244E-07 1.0147837329E+01 1.9401659055E+01 1.1975727543E-07 5.7638996825E-07 4.1904636118E-07 4.8691385554E-07 1.1897854824E+01 -1.1484198805E+01 -1.6506288453E-06 -1.2876957309E-06 1.1484198805E+01 1.1897854824E+01
160.00 1.8785154242E+01 1.2210108045E+01 -6.3420145415E-07 -7.8182996066E-07 1.2210108045E+01 1.8785154242E+01 1.0961804071E-07 3.9719553267E-07 3.9648063315E-07 4.2638399514E-07 9.5482049914E+00 -1.0612589829E+01 -1.6054232654E-06 -1.3073210304E-06 1.0612589829E+01 9.5482049914E+00
161.00 1.8370273964E+01 1.3983084338E+01 -6.0757720053E-07 -6.0810162974E-07 1.3983084338E+01 1.8370273964E+01 9.7452780471E-08 2.2498694765E-07 3.7494258749E-07 3.6810539634E-07 6.8742695582E+00 -9.7306081990E+00 -1.5519591563E-06 -1.3171317734E-06 9.7306081990E+00 6.8742695582E+00
162.00 1.8200963620E+01 1.5414555909E+01 -5.7802430571E-07 -4.4044525576E-07 1.5414555909E+01 1.8200963620E+01 8.3581826302E-08 6.2444960972E-08 3.5433384571E-07 3.1245631870E-07 3.9183013906E+00 -8.8494890817E+00 -1.4913135405E-06 -1.3170879898E-06 8.8494890817E+00 3.9183013906E+00
163.00 1.8311088518E+01 1.6464928989E+01 -5.4603677314E-07 -2.8150252943E-07 1.6464928989E+01 1.8311088518E+01 6.8348965457E-08 -8.7967964008E-08 3.3453749142E-07 2.5975801669E-07 7.2779107713E-01 -7.9794984956E+00 -1.4245709749E-06 -1.3072313034E-06 7.9794984956E+00 7.2779107713E-01
164.00 1.8722838858E+01 1.7108748934E+01 -5.1211699422E-07 -1.3367573329E-07 1.7108748934E+01 1.8722838858E+01 5.2110745948E-08 -2.2404981809E-07 3.1542264105E-07 2.1027386179E-07 -2.6458732554E+00 -7.1298498964E+00 -1.3528006113E-06 -1.2876826755E-06 7.1298498964E+00 -2.6458732554E+00
165.00 1.9445614983E+01 1.7335673848E+01 -4.7676329358E-07 9.1471965994E-10 1.7335673848E+01 1.9445614983E+01 3.5226062244E-08 -3.4389615507E-07 2.9684897881E-07 1.6420933126E-07 -6.1487581585E+00 -6.3086549592E+00 -1.2770345569E-06 -1.2586394390E-06 6.3086549592E+00 -6.1487581585E+00
166.00 2.0475442366E+01 1.7150859752E+01 -4.4045823481E-07 1.2046694536E-07 1.7150859752E+01 2.0475442366E+01 1.8046171363E-08 -4.4593174296E-07 2.7867115430E-07 1.2171273330E-07 -9.7257004667E+00 -5.5229068678E+00 -1.1982480492E-06 -1.2203716861E-06 5.5229068678E+00 -9.7257004667E+00
167.00 2.1794943508E+01 1.6574741261E+01 -4.0365784361E-07 2.2352803494E-07 1.6574741261E+01 2.1794943508E+01 9.0553639154E-10 -5.2893604341E-07 2.6074291169E-07 8.2876646944E-08 -1.3321543142E+01 -4.7784937939E+00 -1.1173418262E-06 -1.1732181404E-06 4.7784937939E+00 -1.3321543142E+01
168.00 2.3373870479E+01 1.5642215821E+01 -3.6678209548E-07 3.0901763669E-07 1.5642215821E+01 2.3373870479E+01 -1.5886379529E-08 -5.9206226025E-07 2.4292089116E-07 4.7739939413E-08 -1.6882255463E+01 -4.0802396827E+00 -1.0351270521E-06 -1.1175815689E-06 4.0802396827E+00 -1.6882255463E+01
169.00 2.5170178235E+01 1.4401263169E+01 -3.3020682509E-07 3.7624430117E-07 1.4401263169E+01 2.5170178235E+01 -3.2052133274E-08 -6.3484964633E-07 2.2506802498E-07 1.6290278755E-08 -2.0355910210E+01 -3.4319689781E+00 -9.5231307419E-07 -1.0539238707E-06 3.4319689781E+00 -2.0355910210E+01
170.00 2.7131596073E+01 1.2911054050E+01 -2.9425720403E-07 4.2491435445E-07 1.2911054050E+01 2.7131596073E+01 -4.7351991052E-08 -6.5722886360E-07 2.0705645727E-07 -1.1532940906E-08 -2.3693499898E+01 -2.8365915032E+00 -8.6949824583E-07 -9.8276093060E-07 2.8365915032E+00 -2.3693499898E+01
171.00 2.9197633594E+01 1.1239622312E+01 -2.5920295094E-07 4.5513312914E-07 1.1239622312E+01 2.9197633594E+01 -6.1588255061E-08 -6.5952036288E-07 1.8876998539E-07 -3.5835389237E-08 -2.6849583754E+01 -2.2962033881E+00 -7.8716395013E-07 -9.0465734057E-07 2.2962033881E+00 -2.6849583754E+01
172.00 3.1301939234E+01 9.4611916689E+00 -2.2525525968E-07 4.6739859161E-07 9.4611916689E+00 3.1301939234E+01 -7.4608106810E-08 -6.4242580370E-07 1.7010597090E-07 -5.6764357771E-08 -2.9782766565E+01 -1.8121996914E+00 -7.0567191656E-07 -8.2022107401E-07 1.8121996914E+00 -2.9782766565E+01
173.00 3.3374914516E+01 7.6532618822E+00 -1.9256547800E-07 4.6258744198E-07 7.6532618822E+00 3.3374914516E+01 -8.6304984006E-08 -6.0701275336E-07 1.5097672498E-07 -7.4505172640E-08 -3.2456019232E+01 -1.3853942226E+00 -6.2526479409E-07 -7.3009824111E-07 1.3853942226E+00 -3.2456019232E+01
174.00 3.5346476342E+01 5.8935684928E+00 -1.6122549766E-07 4.4193403148E-07 5.8935684928E+00 3.5346476342E+01 -9.6618550524E-08 -5.5469283832E-07 1.3131036506E-07 -8.9277550576E-08 -3.4836858291E+01 -1.0161420298E+00 -5.4606993678E-07 -6.3496790998E-07 1.0161420298E+00 -3.4836858291E+01
175.00 3.7148853314E+01 4.2570350523E+00 -1.3126980776E-07 4.0700244197E-07 4.2570350523E+00 3.7148853314E+01 -1.0553329463E-07 -4.8719385823E-07 1.1105120936E-07 -1.0133192261E-07 -3.6897407647E+01 -7.0446008645E-01 -4.6810623273E-07 -5.3553715021E-07 7.0446008645E-01 -3.6897407647E+01
176.00 3.8719300478E+01 2.8128370057E+00 -1.0267902009E-07 3.5965232758E-07 2.8128370057E+00 3.8719300478E+01 -1.1307584413E-07 -4.0652624479E-07 9.0159653255E-08 -1.1094576819E-07 -3.8614369731E+01 -4.5014188805E-01 -3.9129379415E-07 -4.3253622884E-07 4.5014188805E-01 -3.8614369731E+01
177.00 4.0002620162E+01 1.6216919102E+00 -7.5384810687E-08 3.0199907255E-07 1.6216919102E+00 4.0002620162E+01 -1.1931115194E-07 -3.1494458767E-07 6.8611650493E-08 -1.1841999979E-07 -3.9968935387E+01 -2.5286196370E-01 -3.1546615973E-07 -3.2671408746E-07 2.5286196370E-01 -3.9968935387E+01
178.00 4.0953384503E+01 7.3348174534E-01 -4.9276041902E-08 2.3636913199E-07 7.3348174534E-01 4.0953384503E+01 -1.2433766996E-07 -2.1490478891E-07 4.6397776928E-08 -1.2407539201E-07 -4.0946661683E+01 -1.1226670294E-01 -2.4038476416E-07 -2.1883399016E-07 1.1226670294E-01 -4.0946661683E+01
179.00 4.1537767573E+01 1.8530004942E-01 -2.4205929677E-08 1.6525133924E-07 1.8530004942E-01 4.1537767573E+01 -1.2828167357E-07 -1.0901769454E-07 2.3521978023E-08 -1.2824905056E-07 -4.1537344789E+01 -2.8048399413E-02 -1.6575523769E-07 -1.0966939705E-07 2.8048399413E-02 -4.1537344789E+01
180.00 4.1734911161E+01 5.3290705182E-14 -3.3284413772E-16 9.1245120653E-08 5.3290705182E-14 4.1734911161E+01 -1.3129092959E-07 -1.8410906971E-16 3.3284403184E-16 -1.3129092959E-07 -4.1734911161E+01 3.5527136789E-14 -9.1245120653E-08 -1.8410928809E-16 -3.5527136787E-14 -4.1734911161E+01
