theta s11 s12 s13 s14 s21 s22 s23 s24 s31 s32 s33 s34 s41 s42 s43 s44
0.00 1.9622289062E+01 0.0000000000E+00 0.0000000000E+00 -3.9131169540E-06 0.0000000000E+00 1.9622289062E+01 1.3840310409E-06 0.0000000000E+00 0.0000000000E+00 -1.3840310409E-06 1.9622289062E+01 0.0000000000E+00 -3.9131169540E-06 0.0000000000E+00 0.0000000000E+00 1.9622289062E+01
1.00 1.9551109745E+01 1.5220094259E-03 -3.6814026484E-08 -3.9189796292E-06 1.5220094259E-03 1.9551109745E+01 1.4716714959E-06 -9.9922864269E-08 -3.6680195450E-08 -1.4716806774E-06 1.9551109647E+01 -1.2392137535E-03 -3.9189741951E-06 9.9524501149E-08 1.2392137536E-03 1.9551109647E+01
2.00 1.9338966381E+01 6.0320342523E-03 -7.9302196168E-08 -3.8974658204E-06 6.0320342523E-03 1.9338966381E+01 1.5652825390E-06 -1.9391246111E-07 -7.8796401932E-08 -1.5653564463E-06 1.9338964811E+01 -4.9323580560E-03 -3.8974257502E-06 1.9229757418E-07 4.9323580561E-03 1.9338964811E+01
3.00 1.8990004150E+01 1.3364049058E-02 -1.2642857635E-07 -3.8485021808E-06 1.3364049058E-02 1.8990004150E+01 1.6628220799E-06 -2.8045694531E-07 -1.2536841610E-07 -1.6630721605E-06 1.8989996258E+01 -1.1006055265E-02 -3.8483790708E-06 2.7678484228E-07 1.1006055265E-02 1.8989996258E+01
4.00 1.8511004276E+01 2.3247370123E-02 -1.7703789063E-07 -3.7723618935E-06 2.3247370123E-02 1.8511004276E+01 1.7619968839E-06 -3.5832669047E-07 -1.7531006676E-07 -1.7625890600E-06 1.8510979576E+01 -1.9339327548E-02 -3.7721000707E-06 3.5174811212E-07 1.9339327548E-02 1.8510979576E+01
5.00 1.7911197348E+01 3.5315513056E-02 -2.2989056526E-07 -3.6696743995E-06 3.5315513056E-02 1.7911197348E+01 1.8603280013E-06 -4.2660234937E-07 -2.2746166002E-07 -1.8614792483E-06 1.7911137799E+01 -2.9765585200E-02 -3.6692234719E-06 4.1627475033E-07 2.9765585200E-02 1.7911137799E+01
6.00 1.7202010707E+01 4.9118235113E-02 -2.8369918400E-07 -3.5414302653E-06 4.9118235113E-02 1.7202010707E+01 1.9552222719E-06 -4.8469158912E-07 -2.8062351423E-07 -1.9571952747E-06 1.7201889123E+01 -4.2075426492E-02 -3.5407577077E-06 4.6979556822E-07 4.2075426492E-02 1.7201889123E+01
7.00 1.6396758209E+01 6.4136410754E-02 -3.3716510235E-07 -3.3889804139E-06 6.4136410754E-02 1.6396758209E+01 2.0440476936E-06 -5.3233410763E-07 -3.3358941587E-07 -2.0471437149E-06 1.6396537074E+01 -5.6020258170E-02 -3.3880835897E-06 5.1209075746E-07 5.6020258170E-02 1.6396537074E+01
8.00 1.5510282554E+01 7.9799298831E-02 -3.8901403649E-07 -3.2140290091E-06 7.9799298831E-02 1.5510282554E+01 2.1242103283E-06 -5.6959496942E-07 -3.8517889593E-07 -2.1287604911E-06 1.5509913311E+01 -7.1316738810E-02 -3.2129460361E-06 5.4328384893E-07 7.1316738810E-02 1.5509913311E+01
9.00 1.4558561797E+01 9.5503678259E-02 -4.3802954864E-07 -3.0186194094E-06 9.5503678259E-02 1.4558561797E+01 2.1932304069E-06 -5.9684673290E-07 -4.3426733574E-07 -2.1995856496E-06 1.4557984674E+01 -8.7652034362E-02 -3.0174383030E-06 5.6382410164E-07 8.7652034362E-02 1.4557984674E+01
10.00 1.3558292723E+01 1.1063425846E-01 -4.8308348673E-07 -2.8051127602E-06 1.1063425846E-01 1.3558292723E+01 2.2488153183E-06 -6.1474123549E-07 -4.7981304908E-07 -2.2573353344E-06 1.3557437134E+01 -1.0468985610E-01 -2.8039783378E-06 5.7445812663E-07 1.0468985610E-01 1.3557437134E+01
11.00 1.2526464320E+01 1.2458471433E-01 -5.2316260601E-07 -2.5761590263E-06 1.2458471433E-01 1.2526464320E+01 2.2889272934E-06 -6.2417229059E-07 -5.2088065734E-07 -2.2999688120E-06 1.2525249864E+01 -1.2207722620E-01 -2.5752771254E-06 5.7619194480E-07 1.2207722620E-01 1.2525249864E+01
12.00 1.1479934697E+01 1.3677865560E-01 -5.5739078392E-07 -2.3346604824E-06 1.3677865560E-01 1.1479934697E+01 2.3118437669E-06 -6.2623086042E-07 -5.5666025730E-07 -2.3257485641E-06 1.1478272754E+01 -1.3945188628E-01 -2.3342991371E-06 5.7024499912E-07 1.3945188628E-01 1.1478272754E+01
13.00 1.0435024402E+01 1.4668982037E-01 -5.8504642519E-07 -2.0837279670E-06 1.4668982037E-01 1.0435024402E+01 2.3162086510E-06 -6.2215453350E-07 -5.8648206393E-07 -2.3332917006E-06 1.0432820313E+01 -1.5645023065E-01 -2.0842152982E-06 5.5799791984E-07 1.5645023065E-01 1.0432820313E+01
14.00 9.4071382761E+00 1.5386078467E-01 -6.0557485323E-07 -1.8266304812E-06 1.5386078467E-01 9.4071382761E+00 2.3010730342E-06 -6.1327332898E-07 -6.0982640505E-07 -2.3216112135E-06 9.4042940576E+00 -1.7271561117E-01 -1.8283491813E-06 5.4093605291E-07 1.7271561117E-01 9.4042940576E+00
15.00 8.4104267271E+00 1.5791950613E-01 -6.1859565722E-07 -1.5667389929E-06 1.5791950613E-01 8.4104267271E+00 2.2659241732E-06 -6.0095395600E-07 -6.2632911216E-07 -2.2901459293E-06 8.4068442466E+00 -1.8790682585E-01 -1.5701174277E-06 5.2059088817E-07 1.8790682585E-01 8.4068442466E+00
16.00 7.4574957076E+00 1.5859307196E-01 -6.2390513894E-07 -1.3074655830E-06 1.5859307196E-01 7.4574957076E+00 2.2107019949E-06 -5.8654468767E-07 -6.3578251714E-07 -2.2387783526E-06 7.4530802307E+00 -2.0170657199E-01 -1.3129656810E-06 4.9848157881E-07 2.0170657199E-01 7.4530802307E+00
17.00 6.5591727783E+00 1.5571809925E-01 -6.2147413667E-07 -1.0521993076E-06 1.5571809925E-01 6.5591727783E+00 2.1358027352E-06 -5.7132295087E-07 -6.3813238805E-07 -2.1678399845E-06 6.5538367620E+00 -2.1382961873E-01 -1.0603015591E-06 4.7605870984E-07 2.1382961873E-01 6.5538367620E+00
18.00 5.7243345293E+00 1.4924733863E-01 -6.1144163458E-07 -8.0424036731E-07 1.4924733863E-01 5.7243345293E+00 2.0420697207E-06 -5.5644760865E-07 -6.3347125500E-07 -2.0781040675E-06 5.7180015214E+00 -2.2403043577E-01 -8.1542640442E-07 4.5465237390E-07 2.2403043577E-01 5.7180015214E+00
19.00 4.9597983880E+00 1.3925215861E-01 -5.9410465147E-07 -5.6673431331E-07 1.3925215861E-01 4.9597983880E+00 1.9307717003E-06 -5.4291768323E-07 -6.2202864812E-07 -1.9707660942E-06 4.9524068725E+00 -2.3211000701E-01 -5.8146768274E-07 4.3542640926E-07 2.3211000701E-01 4.9524068725E+00
20.00 4.2702795540E+00 1.2592073365E-01 -5.6990496505E-07 -3.4260813070E-07 1.2592073365E-01 4.2702795540E+00 1.8035695106E-06 -5.3153900661E-07 -6.0415881560E-07 -1.8474127819E-06 4.2617865700E+00 -2.3792156157E-01 -3.6131399295E-07 4.1934041548E-07 2.3792156157E-01 4.2617865700E+00
21.00 3.6584115610E+00 1.0955191943E-01 -5.3941326780E-07 -1.3451006472E-07 1.0955191943E-01 3.6584115610E+00 1.6624721952E-06 -5.2289994640E-07 -5.8032651119E-07 -1.7099805469E-06 3.6487959179E+00 -2.4137497108E-01 -1.5755465387E-07 4.0712084254E-07 2.4137497108E-01 3.6487959179E+00
22.00 3.1248268502E+00 9.0544968569E-02 -5.0331135648E-07 5.5244993681E-08 9.0544968568E-02 3.1248268502E+00 1.5097840150E-06 -5.1735697402E-07 -5.5109142803E-07 -1.5607048217E-06 3.1140917612E+00 -2.4243959210E-01 2.7574245112E-08 3.9924208238E-07 2.4243959210E-01 3.1140917612E+00
23.00 2.6682918269E+00 6.9385411214E-02 -4.6237294464E-07 2.2472284550E-07 6.9385411214E-02 2.6682918269E+00 1.3480440350E-06 -5.1503045093E-07 -5.1709182313E-07 -1.4020618071E-06 2.6564667975E+00 -2.4114537509E-01 1.9223557788E-07 3.9591810840E-07 2.4114537509E-01 2.6564667975E+00
24.00 2.2858892331E+00 4.6627590450E-02 -4.1744365652E-07 3.7240852558E-07 4.6627590450E-02 2.2858892331E+00 1.1799601750E-06 -5.1581058202E-07 -4.7902782653E-07 -1.2367044594E-06 2.2730310583E+00 -2.3758211631E-01 3.3502718581E-07 3.9710478305E-07 2.3758211631E-01 2.2730310583E+00
25.00 1.9732393486E+00 2.2874494293E-02 -3.6942071041E-07 4.9723475966E-07 2.2874494293E-02 1.9732393486E+00 1.0083397495E-06 -5.1937309023E-07 -4.3764486006E-07 -1.0673946552E-06 1.9594321017E+00 -2.3189679397E-01 4.5500691210E-07 4.0251255085E-07 2.3189679397E-01 1.9594321017E+00
26.00 1.7247505772E+00 -1.2443440196E-03 -3.1923274213E-07 5.9859936685E-07 -1.2443440199E-03 1.7247505772E+00 8.3601859140E-07 -5.2520376542E-07 -3.9371751668E-07 -8.9693356003E-07 1.7101045139E+00 -2.2428900223E-01 5.5170578912E-07 4.1162881860E-07 2.2428900223E-01 1.7101045139E+00
27.00 1.5338894067E+00 -2.5096004814E-02 -2.6782015460E-07 6.7637096830E-07 -2.5096004814E-02 1.5338894067E+00 6.6579085463E-07 -5.3263070477E-07 -3.4803417123E-07 -7.2809224579E-07 1.5185387501E+00 -2.1500457429E-01 6.2512887581E-07 4.2374896476E-07 2.1500457429E-01 1.5185387501E+00
28.00 1.3934595525E+00 -4.8067461648E-02 -2.1611631736E-07 7.3088275136E-07 -4.8067461648E-02 1.3934595525E+00 5.0034152485E-07 -5.4086275091E-07 -3.0138252066E-07 -5.6354454914E-07 1.3775591786E+00 -2.0432756346E-01 6.7574367075E-07 4.3801457898E-07 2.0432756346E-01 1.3775591786E+00
29.00 1.2958803065E+00 -6.9588018442E-02 -1.6502986714E-07 7.6291442356E-07 -6.9588018442E-02 1.2958803065E+00 3.4218354342E-07 -5.4903240771E-07 -2.5453617019E-07 -4.0580406775E-07 1.2796014040E+00 -1.9257082704E-01 7.0445644723E-07 4.5345726807E-07 1.9257082704E-01 1.2796014040E+00
30.00 1.2334546809E+00 -8.9149958659E-02 -1.1542831244E-07 7.7366288854E-07 -8.9149958659E-02 1.2334546809E+00 1.9360125321E-07 -5.5624134100E-07 -2.0824233127E-07 -2.5716701120E-07 1.2169795155E+00 -1.8006552596E-01 7.1257728074E-07 4.6904615144E-07 1.8006552596E-01 1.2169795155E+00
31.00 1.1986188353E+00 -1.0632652342E-01 -6.8123086561E-08 7.6470254722E-07 -1.0632652343E-01 1.1986188353E+00 5.6601643238E-08 -5.6160649285E-07 -1.6321063905E-07 -1.1966241826E-07 1.1821348018E+00 -1.6714991213E-01 7.0177492900E-07 4.8373704377E-07 1.6714991213E-01 1.1821348018E+00
32.00 1.1841654441E+00 -1.2078644063E-01 -2.3856154613E-08 7.3793647429E-07 -1.2078644063E-01 1.1841654441E+00 -6.7125417954E-08 -5.6430483006E-07 -1.2010306487E-07 4.9890149209E-09 1.1678586394E+00 -1.5415781913E-01 6.7402307766E-07 4.9652127035E-07 1.5415781913E-01 1.1678586394E+00
33.00 1.1834350540E+00 -1.3230437149E-01 1.6711749970E-08 6.9554001930E-07 -1.3230437149E-01 1.1834350540E+00 -1.7623708187E-07 -5.6361482252E-07 -7.9524880947E-08 1.1540654374E-07 1.1674836427E+00 -1.4140730015E-01 6.3153975767E-07 5.0647209007E-07 1.4140730015E-01 1.1674836427E+00
34.00 1.1904710221E+00 -1.4076681868E-01 5.3011206803E-08 6.3989861695E-07 -1.4076681868E-01 1.1904710221E+00 -2.6975700975E-07 -5.5895290925E-07 -4.2016626935E-08 2.1057078747E-07 1.1750386955E+00 -1.2918986547E-01 5.7672195644E-07 5.1278682363E-07 1.2918986547E-01 1.1750386955E+00
35.00 1.2001352573E+00 -1.4617324350E-01 8.4572468254E-08 5.7354176860E-07 -1.4617324350E-01 1.2001352573E+00 -3.4708425019E-07 -5.4990342752E-07 -8.0470364821E-09 2.8983464212E-07 1.1853651008E+00 -1.1776076048E-01 5.1207759105E-07 5.1482296752E-07 1.1776076048E-01 1.1853651008E+00
36.00 1.2081836339E+00 -1.4863235833E-01 1.1103205730E-07 4.9907525102E-07 -1.4863235833E-01 1.2081836339E+00 -4.0799164774E-07 -5.3624077523E-07 2.1993092993E-08 3.5292372920E-07 1.1941927137E+00 -1.0733069314E-01 4.4015705939E-07 5.1212684381E-07 1.0733069314E-01 1.1941927137E+00
37.00 1.2113015409E+00 -1.4835378524E-01 1.3213756796E-07 4.1911363109E-07 -1.4835378524E-01 1.2113015409E+00 -4.5261424178E-07 -5.1794291126E-07 4.7796081460E-08 3.9992673162E-07 1.1981765052E+00 -9.8059368073E-02 3.6348655425E-07 5.0445365338E-07 9.8059368073E-02 1.1981765052E+00
38.00 1.2071015235E+00 -1.4563548950E-01 1.4775062438E-07 3.3621510761E-07 -1.4563548950E-01 1.2071015235E+00 -4.8142841892E-07 -4.9519567081E-07 6.9141553988E-08 4.3127627769E-07 1.1948954721E+00 -9.0051114313E-02 2.8450520288E-07 4.9177816808E-07 9.0051114313E-02 1.1948954721E+00
39.00 1.1940862899E+00 -1.4084759805E-01 1.5784795006E-07 2.5282057134E-07 -1.4084759805E-01 1.1940862899E+00 -4.9522284134E-07 -4.6838776894E-07 8.5899556037E-08 4.4772130423E-07 1.1828171165E+00 -8.3352808506E-02 2.0550789440E-07 4.7429569909E-07 8.3352808506E-02 1.1828171165E+00
40.00 1.1715814725E+00 -1.3441338563E-01 1.6252049861E-07 1.7119857694E-07 -1.3441338563E-01 1.1715814725E+00 -4.9506239012E-07 -4.3809675795E-07 9.8032486832E-08 4.5029206334E-07 1.1612318164E+00 -7.7954198065E-02 1.2859538826E-07 4.5241338870E-07 7.7954198065E-02 1.1612318164E+00
41.00 1.1396434038E+00 -1.2678834722E-01 1.6197059707E-07 9.3397667964E-08 -1.2678834722E-01 1.1396434038E+00 -4.8224652991E-07 -4.0506658958E-07 1.0559571306E-07 4.4025912563E-07 1.1301622657E+00 -7.3790624016E-02 5.5632972623E-08 4.2673228547E-07 7.3790624016E-02 1.1301622657E+00
42.00 1.0989477687E+00 -1.1843836639E-01 1.5650706646E-07 2.1207194104E-08 -1.1843836639E-01 1.0989477687E+00 -4.5826361163E-07 -3.7017778612E-07 1.0873671322E-07 4.1908786758E-07 1.0902537628E+00 -7.0748035780E-02 -1.1781426657E-08 3.9802105247E-07 7.0748035780E-02 1.0902537628E+00
43.00 1.0506653248E+00 -1.0981803003E-01 1.4653829926E-07 -4.3872568379E-08 -1.0981803003E-01 1.0506653248E+00 -4.2474268576E-07 -3.3441153255E-07 1.0769259653E-07 3.8839001348E-07 1.0426514492E+00 -6.8670085007E-02 -7.2339171763E-08 3.6718250960E-07 6.8670085007E-02 1.0426514492E+00
44.00 9.9633093896E-01 -1.0135012814E-01 1.3256330775E-07 -1.0065053155E-07 -1.0135012814E-01 9.9633093896E-01 -3.8340439255E-07 -2.9880925576E-07 1.0278585943E-07 3.4987382320E-07 9.8887065908E-01 -6.7366987977E-02 -1.2503275335E-07 3.3521451287E-07 6.7366987977E-02 9.8887065908E-01
45.00 9.3771198178E-01 -9.3407313574E-02 1.1516079336E-07 -1.4825503660E-07 -9.3407313574E-02 9.3771198178E-01 -3.3601244308E-07 -2.6442944028E-07 9.4418267572E-08 3.0529449114E-07 9.3066634328E-01 -6.6625760893E-02 -1.6915780832E-07 3.0316690722E-07 6.6625760893E-02 9.3066634328E-01
46.00 8.7668168042E-01 -8.6296782458E-02 9.4976337129E-08 -1.8613444698E-07 -8.6296782458E-02 8.7668168042E-01 -2.8432709582E-07 -2.3230353863E-07 8.3062798655E-08 2.5640623651E-07 8.6990710140E-01 -6.6221364101E-02 -2.0430592598E-07 2.7209644669E-07 6.6221364101E-02 8.6990710140E-01
47.00 8.1510238593E-01 -8.0248679063E-02 7.2707873557E-08 -2.1404863492E-07 -8.0248679063E-02 8.1510238593E-01 -2.3006188158E-07 -2.0339286279E-07 6.9253646176E-08 2.0491743287E-07 8.0845872855E-01 -6.5928243512E-02 -2.3034916165E-07 2.4302165024E-07 6.5928243512E-02 8.0845872855E-01
48.00 7.5472290016E-01 -7.5408735541E-02 4.9089667129E-08 -2.3205218167E-07 -7.5408735541E-02 7.5472290016E-01 -1.7484464961E-07 -1.7854829389E-07 5.3574350936E-08 1.5244995985E-07 7.4808139302E-01 -6.5531733165E-02 -2.4741743114E-07 2.1687955266E-07 6.5531733165E-02 7.4808139302E-01
49.00 6.9709307784E-01 -7.1835438371E-02 2.4875085392E-08 -2.4047033871E-07 -7.1835438370E-02 6.9709307784E-01 -1.2018378949E-07 -1.5847451243E-07 3.6644217926E-08 1.0050374992E-07 6.9034365436E-01 -6.4838783545E-02 -2.5587014088E-07 1.9448620678E-07 6.4838783545E-02 6.9034365436E-01
50.00 6.4349791524E-01 -6.9501780378E-02 8.1852244255E-10 -2.3986897852E-07 -6.9501780378E-02 6.4349791524E-01 -6.7440258548E-08 -1.4370025258E-07 1.9103257490E-08 5.0427280442E-08 6.3655555213E-01 -6.3687506523E-02 -2.5626352895E-07 1.7650261850E-07 6.3687506523E-02 6.3655555213E-01
51.00 5.9491230760E-01 -6.8301422448E-02 -2.2343107282E-08 -2.3101988498E-07 -6.8301422448E-02 5.9491230760E-01 -1.7805806809E-08 -1.3455581607E-07 1.5959820292E-09 3.3945173879E-09 5.8772199009E-01 -6.1955078871E-02 -2.4931523712E-07 1.6340754134E-07 6.1955078871E-02 5.8772199009E-01
52.00 5.5197664812E-01 -6.8058864596E-02 -4.3908835423E-08 -2.1486279316E-07 -6.8058864596E-02 5.5197664812E-01 2.7712442214E-08 -1.3115876180E-07 -1.5245531757E-08 -3.9611428227E-08 5.4451665372E-01 -5.9563620099E-02 -2.3586760656E-07 1.5547824078E-07 5.9563620099E-02 5.4451665372E-01
53.00 5.1499249396E-01 -6.8543023857E-02 -6.3231554277E-08 -1.9246560056E-07 -6.8543023857E-02 5.1499249396E-01 6.8301118501E-08 -1.3340833652E-07 -3.0818830397E-08 -7.7807911501E-08 5.0727577141E-01 -5.6483753878E-02 -2.1685110912E-07 1.5277998208E-07 5.6483753878E-02 5.0727577141E-01
54.00 4.8393667817E-01 -6.9483446930E-02 -7.9734847781E-08 -1.6498411916E-07 -6.9483446930E-02 4.8393667817E-01 1.0334370639E-07 -1.4098882961E-07 -4.4567985040E-08 -1.1061583846E-07 4.7601019744E-01 -5.2735671195E-02 -1.9324917730E-07 1.5516459744E-07 5.2735671195E-02 4.7601019744E-01
55.00 4.5849152934E-01 -7.0588257449E-02 -9.2928201238E-08 -1.3362264821E-07 -7.0588257449E-02 4.5849152934E-01 1.3241806301E-07 -1.5338165808E-07 -5.5999632988E-08 -1.3765663714E-07 4.5043358821E-01 -4.8387632662E-02 -1.6606551537E-07 1.6227808938E-07 4.8387632663E-02 4.5043358821E-01
56.00 4.3808829836E-01 -7.1562857585E-02 -1.0242007141E-07 -9.9596510880E-08 -7.1562857585E-02 4.3808829836E-01 1.5528894381E-07 -1.6988561488E-07 -6.4697576200E-08 -1.5874370366E-07 4.3000388412E-01 -4.3551971434E-02 -1.3629475266E-07 1.7357682656E-07 4.3551971434E-02 4.3000388412E-01
57.00 4.2196049788E-01 -7.2128375367E-02 -1.0792834239E-07 -6.4097535356E-08 -7.2128375367E-02 4.2196049788E-01 1.7189623423E-07 -1.8964437282E-07 -7.0335371823E-08 -1.7386905335E-07 4.1397491278E-01 -3.8378780948E-02 -1.0489706726E-07 1.8835151683E-07 3.8378780948E-02 4.1397491278E-01
58.00 4.0920364234E-01 -7.2038873589E-02 -1.0928775354E-07 -2.8263272690E-08 -7.2038873589E-02 4.0920364234E-01 1.8233966563E-07 -2.1168003752E-07 -7.2686389623E-08 -1.8318601653E-07 4.0145470301E-01 -3.3047587250E-02 -7.2777165584E-08 2.0575781080E-07 3.3047587250E-02 4.0145470301E-01
59.00 3.9883783331E-01 -7.1096411860E-02 -1.0645397652E-07 6.8494544601E-09 -7.1096411860E-02 3.9883783331E-01 1.8686082842E-07 -2.3493129867E-07 -7.1630886830E-08 -1.8698888161E-07 3.9146704049E-01 -2.7757408137E-02 -4.0767770725E-08 2.2485211446E-07 2.7757408137E-02 3.9146704049E-01
60.00 3.8986975768E-01 -6.9163175709E-02 -9.9504119801E-08 4.0286279644E-08 -6.9163175709E-02 3.8986975768E-01 1.8582330414E-07 -2.5829455264E-07 -6.7159742856E-08 -1.8569042029E-07 3.8301289888E-01 -2.2715685638E-02 -9.6175587393E-09 2.4463098416E-07 2.2715685638E-02 3.8301289888E-01
61.00 3.8135093877E-01 -6.6170048915E-02 -8.8633562653E-08 7.1212101344E-08 -6.6170048915E-02 3.8135093877E-01 1.7969170917E-07 -2.8066626363E-07 -5.9374617229E-08 -1.7979821855E-07 3.7512862868E-01 -1.8126639974E-02 2.0016704730E-08 2.6407234676E-07 1.8126639974E-02 3.7512862868E-01
62.00 3.7242948212E-01 -6.2121198450E-02 -7.4149150438E-08 9.8922960472E-08 -6.2121198450E-02 3.7242948212E-01 1.6901039018E-07 -3.0098480469E-07 -4.8484427253E-08 -1.6989069573E-07 3.6693816098E-01 -1.4179628781E-02 4.7574225939E-08 2.8217674281E-07 1.4179628781E-02 3.6693816098E-01
63.00 3.6239306182E-01 -5.7094455323E-02 -5.6458918255E-08 1.2285313842E-07 -5.7094455323E-02 3.6239306182E-01 1.5438243536E-07 -3.1827006796E-07 -3.4798186762E-08 -1.5659362147E-07 3.5769695933E-01 -1.1038102905E-02 7.2590952109E-08 2.9800682423E-07 1.1038102905E-02 3.5769695933E-01
64.00 3.5070147136E-01 -5.1237497736E-02 -3.6058646088E-08 1.4257776954E-07 -5.1237497736E-02 3.5070147136E-01 1.3644957250E-07 -3.3165925792E-07 -1.8714398214E-08 -1.4055784267E-07 3.4682600354E-01 -8.8297286693E-03 9.4697628462E-08 3.1072345466E-07 8.8297286694E-03 3.4682600354E-01
65.00 3.3700768448E-01 -4.4760063810E-02 -1.3515674190E-08 1.5781137499E-07 -4.4760063810E-02 3.3700768448E-01 1.1587342124E-07 -3.4043747093E-07 -7.0733535688E-10 -1.2243881783E-07 3.3393468529E-01 -7.6381968195E-03 1.1361575199E-07 3.1961694753E-07 7.6381968196E-03 3.3393468529E-01
66.00 3.2116700533E-01 -3.7922628165E-02 1.0549478568E-08 1.6840281137E-07 -3.7922628166E-02 3.2116700533E-01 9.3318457138E-08 -3.4406191320E-07 1.8689309473E-08 -1.0287842610E-07 3.1883210651E-01 -7.4971623586E-03 1.2915202254E-07 3.2413222740E-07 7.4971623587E-03 3.1883210651E-01
67.00 3.0323450413E-01 -3.1022159560E-02 3.5483058532E-08 1.7432718554E-07 -3.1022159561E-02 3.0323450413E-01 6.9436937783E-08 -3.4217890194E-07 3.8900822510E-08 -8.2489387132E-08 3.0152687117E-01 -8.3866605173E-03 1.4119185131E-07 3.2388699894E-07 8.3866605174E-03 3.0152687117E-01
68.00 2.8345150713E-01 -2.4375726271E-02 6.0618878036E-08 1.7567531661E-07 -2.4375726271E-02 2.8345150713E-01 4.4855934518E-08 -3.3463311981E-07 5.9331222689E-08 -6.1842489727E-08 2.8221602080E-01 -1.0232226645E-02 1.4969241763E-07 3.1868234158E-07 1.0232226645E-02 2.8221602080E-01
69.00 2.6222241398E-01 -1.8302824903E-02 8.5299228511E-08 1.7264133169E-07 -1.8302824904E-02 2.6222241398E-01 2.0166519047E-08 -3.2146893392E-07 7.9383620732E-08 -4.1456700384E-08 2.6126426288E-01 -1.2906817325E-02 1.5467567812E-07 3.0850549884E-07 1.2906817326E-02 2.6126426288E-01
70.00 2.4008353257E-01 -1.3107371628E-02 1.0889515253E-07 1.6550896554E-07 -1.3107371628E-02 2.4008353257E-01 -4.0849285462E-09 -3.0292393211E-07 9.8480398658E-08 -2.1792104553E-08 2.3917505764E-01 -1.6235492673E-02 1.5622163417E-07 2.9352498266E-07 1.6235492674E-02 2.3917505764E-01
71.00 2.1766593590E-01 -9.0603097785E-03 1.3082534229E-07 1.5463709823E-07 -9.0603097787E-03 2.1766593590E-01 -2.7403395097E-08 -2.7941515673E-07 1.1608242506E-07 -3.2455272915E-09 2.1655545050E-01 -2.0002682175E-02 1.5446205861E-07 2.7407845054E-07 2.0002682175E-02 2.1655545050E-01
72.00 1.9565454877E-01 -6.3837541862E-03 1.5057298877E-07 1.4044501602E-07 -6.3837541864E-03 1.9565454877E-01 -4.9350049043E-08 -2.5151881358E-07 1.3170656131E-07 1.3851404140E-08 1.9407675249E-01 -2.3961725284E-02 1.4957478433E-07 2.5065411717E-07 2.3961725284E-02 1.9407675249E-01
73.00 1.7474575984E-01 -5.2375126352E-03 1.6769998865E-07 1.2339782007E-07 -5.2375126354E-03 1.7474575984E-01 -6.9545388842E-08 -2.1994448983E-07 1.4494078424E-07 2.9232060779E-08 1.7243327654E-01 -2.7846259798E-02 1.4177856508E-07 2.2386672509E-07 2.7846259798E-02 1.7243327654E-01
74.00 1.5560582824E-01 -5.7087030167E-03 1.8185802584E-07 1.0399234123E-07 -5.7087030169E-03 1.5560582824E-01 -8.7670941550E-08 -1.8550511818E-07 1.5545635298E-07 4.2692826666E-08 1.5230133317E-01 -3.1382931806E-02 1.3132844256E-07 1.9442930418E-07 3.1382931806E-02 1.5230133317E-01
75.00 1.3883222048E-01 -7.8050275250E-03 1.9279617756E-07 8.2743849255E-08 -7.8050275252E-03 1.3883222048E-01 -1.0346973347E-07 -1.4908406761E-07 1.6301657882E-07 5.4089701840E-08 1.3430058047E-01 -3.4304825808E-02 1.1851149382E-07 1.6312209408E-07 3.4304825808E-02 1.3430058047E-01
76.00 1.2491978267E-01 -1.1452080745E-02 2.0036483991E-07 6.0173776868E-08 -1.1452080745E-02 1.2491978267E-01 -1.1674574990E-07 -1.1160081921E-07 1.6748190498E-07 6.3333873115E-08 1.1895961985E-01 -3.6364966599E-02 1.0364279436E-07 1.3076007918E-07 3.6364966599E-02 1.1895961985E-01
77.00 1.1423334138E-01 -1.6494866015E-02 2.0451592433E-07 3.6798612242E-08 -1.6494866015E-02 1.1423334138E-01 -1.2736258374E-07 -7.3976696241E-08 1.6881116757E-07 7.0386617177E-08 1.0668744451E-01 -3.7349228414E-02 8.7061412344E-08 9.8160593386E-08 3.7349228414E-02 1.0668744451E-01
78.00 1.0698794957E-01 -2.2703484100E-02 2.0529943195E-07 1.3120054530E-08 -2.2703484100E-02 1.0698794957E-01 -1.3524144733E-07 -3.7102063734E-08 1.6705907700E-07 7.5253869606E-08 9.7751998465E-02 -3.7088002887E-02 6.9126250659E-08 6.6112392676E-08 3.7088002887E-02 9.7751998465E-02
79.00 1.0323757380E-01 -2.9782750199E-02 2.0285666447E-07 -1.0383525639E-08 -2.9782750199E-02 1.0323757380E-01 -1.4035869150E-07 -1.8062958917E-09 1.6237012628E-07 7.7980749768E-08 9.2266708373E-02 -3.5466025458E-02 5.0211573168E-08 3.5347471149E-08 3.5466025458E-02 9.2266708372E-02
80.00 1.0287257508E-01 -3.7385299730E-02 1.9741046603E-07 -3.3264323938E-08 -3.7385299730E-02 1.0287257508E-01 -1.4274294110E-07 3.1168358698E-08 1.5496928742E-07 7.8646276651E-08 9.0185429381E-02 -3.2429838039E-02 3.0702084376E-08 6.5167224757E-09 3.2429838039E-02 9.0185429381E-02
81.00 1.0562588948E-01 -4.5127569401E-02 1.8925300939E-07 -5.5111075177E-08 -4.5127569401E-02 1.0562588948E-01 -1.4247192316E-07 6.1188100227E-08 1.4514999454E-07 7.7358451878E-08 9.1305819023E-02 -2.7992470791E-02 1.0987480281E-08 -1.9829671942E-08 2.7992470791E-02 9.1305819023E-02
82.00 1.1108738817E-01 -5.2607895956E-02 1.7873173142E-07 -7.5553825907E-08 -5.2607895957E-02 1.1108738817E-01 -1.3966903029E-07 8.7743421639E-08 1.3326002548E-07 7.4249821188E-08 9.5280740508E-02 -2.2235053018E-02 -8.5435593186E-09 -4.3256496478E-08 2.2235053018E-02 9.5280740508E-02
83.00 1.1872550656E-01 -5.9425867321E-02 1.6623408582E-07 -9.4267586896E-08 -5.9425867321E-02 1.1872550656E-01 -1.3449963461E-07 1.1045907683E-07 1.1968597419E-07 6.9473566249E-08 1.0163691676E-01 -1.5305206678E-02 -2.7509905650E-08 -6.3452037450E-08 1.5305206678E-02 1.0163691676E-01
84.00 1.2791489748E-01 -6.5201994458E-02 1.5217181202E-07 -1.1097495610E-07 -6.5201994458E-02 1.2791489748E-01 -1.2716714435E-07 1.2909805191E-07 1.0483705526E-07 6.3200119478E-08 1.0979972576E-01 -7.4122290044E-03 -4.5544953516E-08 -8.0230818271E-08 7.4122290044E-03 1.0979972576E-01
85.00 1.3796859688E-01 -6.9596750055E-02 1.3696541525E-07 -1.2544780439E-07 -6.9596750055E-02 1.3796859688E-01 -1.1790877977E-07 1.4355969121E-07 8.9128991847E-08 5.5614246212E-08 1.1912275971E-01 1.1807740275E-03 -6.2303885708E-08 -9.3530720429E-08 -1.1807740275E-03 1.1912275971E-01
86.00 1.4817300221E-01 -7.2328042911E-02 1.2102951745E-07 -1.3750811239E-07 -7.2328042911E-02 1.4817300221E-01 -1.0699103777E-07 1.5387238425E-07 7.2968712899E-08 4.6912498961E-08 1.2892057595E-01 1.0167491771E-02 -7.7471033183E-08 -1.0340492840E-07 -1.0167491771E-02 1.2892057595E-01
87.00 1.5782386133E-01 -7.3186263477E-02 1.0475967058E-07 -1.4702803977E-07 -7.3186263477E-02 1.5782386133E-01 -9.4704814180E-08 1.6018144573E-07 5.6740524340E-08 3.7300920736E-08 1.3850295277E-01 1.9211301817E-02 -9.0767095980E-08 -1.1000935621E-07 -1.9211301817E-02 1.3850295277E-01
88.00 1.6626145485E-01 -7.2046143095E-02 8.8521129829E-08 -1.5392929670E-07 -7.2046143096E-02 1.6626145485E-01 -8.1360161704E-08 1.6273300844E-07 4.0794325154E-08 2.6992861111E-08 1.4720893122E-01 2.7959885616E-02 -1.0195595975E-07 -1.1358639567E-07 -2.7959885616E-02 1.4720893122E-01
89.00 1.7290322674E-01 -6.8874812233E-02 7.2639967029E-08 -1.5818187597E-07 -6.8874812234E-02 1.7290322674E-01 -6.7280676636E-08 1.6185489152E-07 2.5436319342E-08 1.6206768002E-08 1.5443897468E-01 3.6060909000E-02 -1.1085082854E-07 -1.1444596045E-07 -3.6060909000E-02 1.5443897468E-01
90.00 1.7727227117E-01 -6.3735614786E-02 5.7396771554E-08 -1.5980219247E-07 -6.3735614787E-02 1.7727227117E-01 -5.2797529180E-08 1.5793549850E-07 1.0922533665E-08 5.1638308807E-09 1.5968370500E-01 4.3178048716E-02 -1.1731939207E-07 -1.1294488487E-07 -4.3178048716E-02 1.5968370500E-01
91.00 1.7902030964E-01 -5.6787428645E-02 4.3023044158E-08 -1.5885066649E-07 -5.6787428645E-02 1.7902030964E-01 -3.8243178555E-08 1.5140183787E-07 -2.5447032517E-09 -5.9146236064E-09 1.6254787144E-01 4.9006618938E-02 -1.2128775947E-07 -1.0946576626E-07 -4.9006618938E-02 1.6254787144E-01
92.00 1.7794407918E-01 -4.8279448505E-02 2.9700245272E-08 -1.5542878038E-07 -4.8279448505E-02 1.7794407917E-01 -2.3944843795E-08 1.4269774556E-07 -1.4817324228E-08 -1.6810047330E-08 1.6276846375E-01 5.3288060330E-02 -1.2274291848E-07 -1.0439631810E-07 -5.3288060330E-02 1.6276846375E-01
93.00 1.7399438617E-01 -3.8541596221E-02 1.7561322179E-08 -1.4967563478E-07 -3.8541596221E-02 1.7399438617E-01 -1.0217830259E-08 1.3226332350E-07 -2.5799288577E-08 -2.7309919752E-08 1.6022618160E-01 5.5822598569E-02 -1.2173352111E-07 -9.8110228069E-08 -5.5822598569E-02 1.6022618160E-01
94.00 1.6727744429E-01 -2.7970927577E-02 6.6944145894E-09 -1.4176403043E-07 -2.7970927577E-02 1.6727744429E-01 2.6411577901E-09 1.2051649979E-07 -3.5441853034E-08 -3.7211304358E-08 1.5494980306E-01 5.6479457403E-02 -1.1836884864E-07 -9.0950398735E-08 -5.6479457403E-02 1.5494980306E-01
95.00 1.5804849258E-01 -1.7014593233E-02 -2.8516662698E-09 -1.3189610763E-07 -1.7014593234E-02 1.5804849258E-01 1.4360563822E-08 1.0783746703E-07 -4.3736777718E-08 -4.6324639772E-08 1.4711333987E-01 5.5204119915E-02 -1.1281587410E-07 -8.3215291888E-08 -5.5204119915E-02 1.4711333987E-01
96.00 1.4669806304E-01 -6.1500773686E-03 -1.1060669398E-08 -1.2029858485E-07 -6.1500773687E-03 1.4669806304E-01 2.4700208855E-08 9.4556577240E-08 -5.0707995890E-08 -5.4477646787E-08 1.3702620970E-01 5.2022265463E-02 -1.0529441285E-07 -7.5148911616E-08 -5.2022265463E-02 1.3702620970E-01
97.00 1.3373161844E-01 4.1364270808E-03 -1.7941381435E-08 -1.0721765094E-07 4.1364270807E-03 1.3373161844E-01 3.3457015616E-08 8.0946074326E-08 -5.6402344816E-08 -6.1519194537E-08 1.2511698069E-01 4.7040162467E-02 -9.6070429362E-08 -6.6934756330E-08 -4.7040162467E-02 1.2511698069E-01
98.00 1.1974359566E-01 1.3372548914E-02 -2.3519903609E-08 -9.2913581655E-08 1.3372548914E-02 1.1974359566E-01 4.0470032944E-08 6.7215836490E-08 -6.0879989529E-08 -6.7322939349E-08 1.1191153581E-01 4.0441461289E-02 -8.5447649393E-08 -5.8693853760E-08 -4.0441461289E-02 1.1191153581E-01
99.00 1.0538715218E-01 2.1122159553E-02 -2.7832267869E-08 -7.7655170074E-08 2.1122159553E-02 1.0538715218E-01 4.5624570679E-08 5.3513092839E-08 -6.4205169087E-08 -7.1790532382E-08 9.8006751825E-02 3.2480499028E-02 -7.3757707960E-08 -5.0486777101E-08 -3.2480499028E-02 9.8006751825E-02
100.00 9.1341112670E-02 2.7006655401E-02 -3.0917887906E-08 -6.1714078132E-08 2.7006655401E-02 9.1341112670E-02 4.8855270009E-08 3.9925882198E-08 -6.6437857905E-08 -7.4854190022E-08 8.4040979903E-02 2.3472390691E-02 -6.1349138892E-08 -4.2319337028E-08 -2.3472390691E-02 8.4040979903E-02
101.00 7.8275739604E-02 3.0724104280E-02 -3.2814266968E-08 -4.5359233734E-08 3.0724104280E-02 7.8275739604E-02 5.0147957584E-08 2.6489844740E-08 -6.7626863119E-08 -7.6478432708E-08 7.0662743372E-02 1.3780331123E-02 -4.8575580146E-08 -3.4151460511E-08 -1.3780331123E-02 7.0662743372E-02
102.00 6.6819001343E-02 3.2065334559E-02 -3.3553288419E-08 -2.8851412818E-08 3.2065334559E-02 6.6819001343E-02 4.9540164530E-08 1.3197786843E-08 -6.7804779670E-08 -7.6660825491E-08 5.8499130170E-02 3.8006617106E-03 -3.5783626294E-08 -2.5908612192E-08 -3.8006617106E-03 5.8499130170E-02
103.00 5.7524981262E-02 3.0926163289E-02 -3.3159298194E-08 -1.2438154545E-08 3.0926163289E-02 5.7524981262E-02 4.7120233589E-08 1.1344192599E-11 -6.6985099475E-08 -7.5431596757E-08 4.8125350123E-02 -6.0536409615E-03 -2.3300800484E-08 -1.7494995355E-08 6.0536409615E-03 4.8125350123E-02
104.00 5.0845963886E-02 2.7315114950E-02 -3.1649064167E-08 3.6508374067E-09 2.7315114950E-02 5.0845963886E-02 4.3024982379E-08 -1.3126009841E-08 -6.5161632599E-08 -7.2852064517E-08 4.0036853373E-02 -1.5370325656E-02 -1.1424142015E-08 -8.8076924352E-09 1.5370325656E-02 4.0036853373E-02
105.00 4.7109554080E-02 2.1356169118E-02 -2.9033565198E-08 1.9207658632E-08 2.1356169118E-02 4.7109554080E-02 3.7435943679E-08 -2.6275401178E-08 -6.2310247976E-08 -6.9011864846E-08 3.4625270346E-02 -2.3755310558E-02 -4.0990719176E-10 2.4912895103E-10 2.3755310558E-02 3.4625270346E-02
106.00 4.6501941645E-02 1.3286286323E-02 -2.5321437637E-08 3.4049394795E-08 1.3286286323E-02 4.6501941645E-02 3.0574254945E-08 -3.9489224716E-08 -5.8392793713E-08 -6.4025045646E-08 3.2159243356E-02 -3.0849444716E-02 9.5351389717E-09 9.7508054588E-09 3.0849444716E-02 3.2159243356E-02
107.00 4.9058127740E-02 3.4476879273E-03 -2.0523791188E-08 4.8020420855E-08 3.4476879272E-03 4.9058127739E-02 2.2694321489E-08 -5.2798793098E-08 -5.3362916386E-08 -5.8025159735E-08 3.2770985002E-02 -3.6343856252E-02 1.8260407479E-08 1.9740367801E-08 3.6343856252E-02 3.2770985002E-02
108.00 5.4659595244E-02 -7.7249011039E-03 -1.4660009249E-08 6.0993717641E-08 -7.7249011039E-03 5.4659595244E-02 1.4076425793E-08 -6.6203634048E-08 -4.7173375484E-08 -5.1159557970E-08 3.6449130496E-02 -3.9993226192E-02 2.5675781678E-08 3.0219037196E-08 3.9993226192E-02 3.6449130496E-02
109.00 6.3039548181E-02 -1.9721608129E-02 -7.7640757875E-09 7.2871149473E-08 -1.9721608129E-02 6.3039548181E-02 5.0184976692E-09 -7.9663000210E-08 -3.9784349913E-08 -4.3583141726E-08 4.3038162671E-02 -4.1626426240E-02 3.1753250457E-08 4.1139601271E-08 4.1626426240E-02 4.3038162671E-02
110.00 7.3795482352E-02 -3.1978712784E-02 1.0907511094E-10 8.3582687287E-08 -3.1978712784E-02 7.3795482352E-02 -4.1727050159E-09 -9.3090025869E-08 -3.1172163092E-08 -3.5451879720E-08 5.2244392935E-02 -4.1154083043E-02 3.6525713642E-08 5.2403078203E-08 4.1154083043E-02 5.2244392935E-02
111.00 8.6408497404E-02 -4.3903042987E-02 8.8777042899E-09 9.3084606584E-08 -4.3903042987E-02 8.6408497404E-02 -1.3190731334E-08 -1.0634882058E-07 -2.1337817806E-08 -2.6916423112E-08 6.3648192071E-02 -3.8572773899E-02 4.0082918938E-08 6.3858894766E-08 3.8572773899E-02 6.3648192071E-02
112.00 1.0026843614E-01 -5.4898457600E-02 1.8428408151E-08 1.0135673718E-07 -5.4898457600E-02 1.0026843614E-01 -2.1738599084E-08 -1.1925463618E-07 -1.0314731541E-08 -1.8116162829E-08 7.6721894046E-02 -3.3965712306E-02 4.2564626146E-08 7.5308606884E-08 3.3965712306E-02 7.6721894046E-02
113.00 1.1470365531E-01 -6.4393284746E-02 2.8612707013E-08 1.0839888782E-07 -6.4393284746E-02 1.1470365531E-01 -2.9537692779E-08 -1.3157709078E-07 1.8249003880E-09 -9.1740611896E-09 9.0852555329E-02 -2.7499938388E-02 4.4151231913E-08 8.6512995387E-08 2.7499938388E-02 9.0852555329E-02
114.00 1.2901400678E-01 -7.1867509346E-02 3.9245457807E-08 1.1422661333E-07 -7.1867509346E-02 1.2901400678E-01 -3.6336115141E-08 -1.4304628626E-07 1.4965615879E-08 -1.9255729569E-10 1.0536855124E-01 -1.9420181620E-02 4.5052225483E-08 9.7202179643E-08 1.9420181620E-02 1.0536855124E-01
115.00 1.4250544922E-01 -7.6878479021E-02 5.0105367517E-08 1.1886652996E-07 -7.6878479021E-02 1.4250544922E-01 -4.1916229544E-08 -1.5336152323E-07 2.8946471754E-08 8.7492079739E-09 1.1956883735E-01 -1.0039704002E-02 4.5492970675E-08 1.0708822193E-07 1.0039704002E-02 1.1956883735E-01
116.00 1.5452462678E-01 -7.9083926605E-02 6.0937766091E-08 1.2235141449E-07 -7.9083926605E-02 1.5452462678E-01 -4.6101159216E-08 -1.6220220273E-07 4.3561379115E-08 1.7596671664E-08 1.3275360316E-01 2.7144535389E-04 4.5700417059E-08 1.1587955171E-07 -2.7144535389E-04 1.3275360316E-01
117.00 1.6449174538E-01 -7.8261190797E-02 7.1459668258E-08 1.2471534320E-07 -7.8261190797E-02 1.6449174538E-01 -4.8760047195E-08 -1.6924041276E-07 5.8562118785E-08 2.6319543325E-08 1.4425500034E-01 1.1100233777E-02 4.5888426889E-08 1.2329642985E-07 -1.1100233777E-02 1.4425500034E-01
118.00 1.7193015169E-01 -7.4321651825E-02 8.1367019835E-08 1.2598913391E-07 -7.4321651825E-02 1.7193015169E-01 -4.9811924285E-08 -1.7415463237E-07 7.3664013765E-08 3.4909918242E-08 1.5346663912E-01 2.2005903959E-02 4.6243455791E-08 1.2908660556E-07 -2.2005903959E-02 1.5346663912E-01
119.00 1.7649116919E-01 -6.7319582346E-02 9.0343894926E-08 1.2619634976E-07 -6.7319582346E-02 1.7649116919E-01 -4.9228079537E-08 -1.7664394759E-07 8.8554082505E-08 4.3378909138E-08 1.5987061191E-01 3.2536042819E-02 4.6911343066E-08 1.3304029416E-07 -3.2536042819E-02 1.5987061191E-01
120.00 1.7797296494E-01 -5.7454838535E-02 9.8073289398E-08 1.2535010322E-07 -5.7454838535E-02 1.7797296494E-01 -4.7032878237E-08 -1.7644216273E-07 1.0290134829E-07 5.1751992067E-08 1.6306091930E-01 4.2242802643E-02 4.7985944405E-08 1.3500362814E-07 -4.2242802643E-02 1.6306091930E-01
121.00 1.7633249873E-01 -4.5069073736E-02 1.0424905533E-07 1.2345086715E-07 -4.5069073736E-02 1.7633249873E-01 -4.3303021150E-08 -1.7333120501E-07 1.1636885250E-07 6.0063345255E-08 1.6276233341E-01 5.0698634319E-02 4.9500280234E-08 1.3488980045E-07 -5.0698634319E-02 1.6276233341E-01
122.00 1.7168993029E-01 -3.0635436889E-02 1.0858843974E-07 1.2048545358E-07 -3.0635436889E-02 1.7168993029E-01 -3.8165286628E-08 -1.6715325961E-07 1.2862681096E-07 6.8349531217E-08 1.5884393044E-01 5.7510937493E-02 5.1420771840E-08 1.3268723145E-07 -5.7510937493E-02 1.5884393044E-01
123.00 1.6432521558E-01 -1.4742008168E-02 1.1084463991E-07 1.1642726507E-07 -1.4742008168E-02 1.6432521558E-01 -3.1792840219E-08 -1.5782113101E-07 1.3936627849E-07 7.6642921185E-08 1.5132674841E-01 6.2335101558E-02 5.3645003221E-08 1.2846423789E-07 -6.2335101558E-02 1.5132674841E-01
124.00 1.5466699239E-01 1.9304877249E-03 1.1081876325E-07 1.1123785839E-07 1.9304877248E-03 1.5466699239E-01 -2.4400234981E-08 -1.4532640304E-07 1.4831264254E-07 8.4965288366E-08 1.4038526858E-01 6.4885500048E-02 5.6003282532E-08 1.2236986077E-07 -6.4885500048E-02 1.4038526858E-01
125.00 1.4327422185E-01 1.8635877576E-02 1.0837058950E-07 1.0486979054E-07 1.8635877576E-02 1.4327422185E-01 -1.6237258048E-08 -1.2974505833E-07 1.5523826366E-07 9.3321996115E-08 1.2634266918E-01 6.4944104115E-02 5.8264090414E-08 1.1463070641E-07 -6.4944104115E-02 1.2634266918E-01
126.00 1.3081139840E-01 3.4593587703E-02 1.0342757088E-07 9.7270643638E-08 3.4593587703E-02 1.3081139840E-01 -7.5818041179E-09 -1.1124031612E-07 1.5997361035E-07 1.0169718119E-07 1.0966004849E-01 6.2366492654E-02 6.0143303284E-08 1.0554386494E-07 -6.2366492654E-02 1.0966004849E-01
127.00 1.1801844932E-01 4.9022282747E-02 9.5991573820E-08 8.8388055100E-08 4.9022282747E-02 1.1801844932E-01 1.2680238331E-09 -9.0062549900E-08 1.6241630342E-07 1.1005028071E-07 9.0920050787E-02 5.7085151651E-02 6.1316878157E-08 9.5466177931E-08 -5.7085151651E-02 9.0920050787E-02
128.00 1.0567670278E-01 6.1174680933E-02 8.6142959170E-08 7.8175513638E-08 6.1174680933E-02 1.0567670278E-01 1.0002374946E-08 -6.6546248858E-08 1.6253758340E-07 1.1831417595E-07 7.0805544573E-02 4.9110068020E-02 6.1436492162E-08 8.4800322811E-08 -4.9110068020E-02 7.0805544572E-02
129.00 9.4572496296E-02 7.0372037933E-02 7.4041710529E-08 6.6598625307E-08 7.0372037933E-02 9.4572496296E-02 1.8308453187E-08 -4.1104089226E-08 1.6038583765E-07 1.2639513430E-07 5.0074190185E-02 3.8526728516E-02 6.0147455913E-08 7.3978356392E-08 -3.8526728515E-02 5.0074190185E-02
130.00 8.5460118070E-02 7.6036763407E-02 5.9925449092E-08 5.3641509849E-08 7.6036763407E-02 8.5460118070E-02 2.5879442990E-08 -1.4218276502E-08 1.5608696683E-07 1.3417462383E-07 2.9529886393E-02 2.5491728087E-02 5.7108075284E-08 6.3443500254E-08 -2.5491728087E-02 2.9529886393E-02
131.00 7.9025814673E-02 7.7721674872E-02 4.4104311363E-08 3.9312959890E-08 7.7721674872E-02 7.9025814673E-02 3.2423342337E-08 1.3570591963E-08 1.4984152431E-07 1.4151296344E-07 9.9921982065E-03 1.0226270814E-02 5.2009530696E-08 5.3631053186E-08 -1.0226270814E-02 9.9921982065E-03
132.00 7.5854558626E-02 7.5134502845E-02 2.6952804325E-08 2.3651984938E-08 7.5134502845E-02 7.5854558626E-02 3.7671493642E-08 4.1676816851E-08 1.4191871739E-07 1.4825465977E-07 -7.7350627691E-03 -6.9920919967E-03 4.4595282336E-08 4.4949369880E-08 6.9920919968E-03 -7.7350627692E-03
133.00 7.6401149981E-02 6.8156435846E-02 8.8988902851E-09 6.7323715917E-09 6.8156435846E-02 7.6401149980E-02 4.1386614956E-08 6.9484644484E-08 1.3264750992E-07 1.5423517798E-07 -2.2894910381E-02 -2.5839099243E-02 3.4679000523E-08 3.7761852174E-08 2.5839099244E-02 -2.2894910381E-02
134.00 8.0967032629E-02 5.6853727636E-02 -9.5893234456E-09 -1.1334079725E-08 5.6853727636E-02 8.0967032628E-02 4.3370143772E-08 9.6364623173E-08 1.2240520164E-07 1.5928880413E-07 -3.4806734986E-02 -4.5954382013E-02 2.2160063173E-08 3.2370853382E-08 4.5954382013E-02 -3.4806734986E-02
135.00 8.9683947700E-02 4.1481672395E-02 -2.8018803718E-08 -3.0395931512E-08 4.1481672395E-02 8.9683947700E-02 4.3468721335E-08 1.2169077877E-07 1.1160397490E-07 1.6325718602E-07 -4.2893225827E-02 -6.6952613904E-02 7.0357568760E-09 2.9004304192E-08 6.6952613904E-02 -4.2893225827E-02
136.00 1.0250523511E-01 2.2480574741E-02 -4.5888145427E-08 -5.0262324451E-08 2.2480574741E-02 1.0250523511E-01 4.1579659952E-08 1.4485809121E-07 1.0067598920E-07 1.6599809389E-07 -4.6703663670E-02 -8.8434805276E-02 -1.0590538952E-08 2.7805731431E-08 8.8434805276E-02 -4.6703663669E-02
137.00 1.1920524452E-01 4.6368634676E-04 -6.2704821846E-08 -7.0705171319E-08 4.6368634665E-04 1.1920524452E-01 3.7655251895E-08 1.6529974369E-07 9.0057661160E-08 1.6739392279E-07 -4.5932725761E-02 -1.0999936373E-01 -3.0505721857E-08 2.8828169205E-08 1.0999936373E-01 -4.5932725761E-02
138.00 1.3938694507E-01 -2.3802565741E-02 -7.8002455410E-08 -9.1463378188E-08 -2.3802565741E-02 1.3938694507E-01 3.1705797293E-08 1.8250361575E-07 8.0173795495E-08 1.6735946657E-07 -4.0434119073E-02 -1.3125258220E-01 -5.2388210077E-08 3.2032260821E-08 1.3125258220E-01 -4.0434119073E-02
139.00 1.6249744631E-01 -4.9425388383E-02 -9.1357424999E-08 -1.1224903771E-07 -4.9425388383E-02 1.6249744631E-01 2.3801246987E-08 1.9602751004E-07 7.1422224796E-08 1.6584852942E-07 -3.0228555727E-02 -1.5181826458E-01 -7.5814143425E-08 3.7288635115E-08 1.5181826458E-01 -3.0228555727E-02
140.00 1.8785077861E-01 -7.5418476492E-02 -1.0240414494E-07 -1.3275543528E-07 -7.5418476492E-02 1.8785077860E-01 1.4071379333E-08 2.0551263388E-07 6.4159578605E-08 1.6285900127E-07 -1.5505798845E-02 -1.7134625362E-01 -1.0026837754E-07 4.4384419194E-08 1.7134625362E-01 -1.5505798845E-02
141.00 2.1465694617E-01 -1.0073963606E-01 -1.1084839910E-07 -1.5266660707E-07 -1.0073963606E-01 2.1465694617E-01 2.7044534113E-09 2.1069490158E-07 5.8688737061E-08 1.5843610365E-07 3.3792703217E-03 -1.8951968446E-01 -1.2515986590E-07 5.3033537275E-08 1.8951968446E-01 3.3792703218E-03
142.00 2.4205597579E-01 -1.2433166902E-01 -1.1647818703E-07 -1.7166809438E-07 -1.2433166902E-01 2.4205597579E-01 -1.0055691816E-08 2.1141368365E-07 5.5248434861E-08 1.5267360979E-07 2.5916390676E-02 -2.0606084584E-01 -1.4984080096E-07 6.2890253229E-08 2.0606084584E-01 2.5916390676E-02
143.00 2.6915545201E-01 -1.4516484521E-01 -1.1917163374E-07 -1.8945845883E-07 -1.4516484521E-01 2.6915545201E-01 -2.3914090830E-08 2.0761769929E-07 5.4005374833E-08 1.4571294866E-07 5.1455077849E-02 -2.2073558849E-01 -1.7362868974E-07 7.3565249206E-08 2.2073558849E-01 5.1455077849E-02
144.00 2.9506986560E-01 -1.6227919093E-01 -1.1890162892E-07 -2.0576106015E-07 -1.6227919094E-01 2.9506986560E-01 -3.8530622378E-08 1.9936783061E-07 5.5049093069E-08 1.3774021034E-07 7.9224614829E-02 -2.3335627307E-01 -1.9583038623E-07 8.4643409571E-08 2.3335627307E-01 7.9224614829E-02
145.00 3.1896001424E-01 -1.7482480446E-01 -1.1573699046E-07 -2.2033555805E-07 -1.7482480446E-01 3.1896001424E-01 -5.3527426053E-08 1.8683672816E-07 5.8389692277E-08 1.2898117829E-07 1.0835811952E-01 -2.4378329796E-01 -2.1576700133E-07 9.5702402767E-08 2.4378329796E-01 1.0835811952E-01
146.00 3.4007068563E-01 -1.8209846835E-01 -1.0984008156E-07 -2.3298858578E-07 -1.8209846835E-01 3.4007068563E-01 -6.8497650918E-08 1.7030517296E-07 6.3958440803E-08 1.1969460742E-07 1.3791979009E-01 -2.5192528764E-01 -2.3279855882E-07 1.0633112241E-07 2.5192528764E-01 1.3791979009E-01
147.00 3.5776492437E-01 -1.8357496428E-01 -1.0146095104E-07 -2.4358305493E-07 -1.8357496428E-01 3.5776492437E-01 -8.3015380652E-08 1.5015526134E-07 7.1611118170E-08 1.1016405004E-07 1.6693432300E-01 -2.5773805579E-01 -2.4634727825E-07 1.1614707281E-07 2.5773805579E-01 1.6693432300E-01
148.00 3.7155333127E-01 -1.7893170263E-01 -9.0928203685E-08 -2.5204559235E-07 -1.7893170263E-01 3.7155333127E-01 -9.6646536465E-08 1.2686057739E-07 8.1133887469E-08 1.0068859232E-07 1.9441743313E-01 -2.6122248270E-01 -2.5591843305E-07 1.2481185724E-07 2.6122248270E-01 1.9441743313E-01
149.00 3.8111706046E-01 -1.6806554798E-01 -7.8636936498E-08 -2.5837167693E-07 -1.6806554798E-01 3.8111706046E-01 -1.0896051595E-07 1.0097361701E-07 9.2251386476E-08 9.1572907152E-08 2.1940638198E-01 -2.6242146427E-01 -2.6111785495E-07 1.3204404305E-07 2.6242146427E-01 2.1940638198E-01
150.00 3.8632345557E-01 -1.5110104071E-01 -6.5034192042E-08 -2.6262813506E-07 -1.5110104071E-01 3.8632345557E-01 -1.1954228453E-07 7.3110817021E-08 1.0463666312E-07 8.3117045466E-08 2.4098944031E-01 -2.6141610026E-01 -2.6166532288E-07 1.3762883097E-07 2.6141610026E-01 2.4098944031E-01
151.00 3.8723358925E-01 -1.2838957068E-01 -5.0602480129E-08 -2.6495276819E-07 -1.2838957068E-01 3.8723358925E-01 -1.2800460169E-07 4.3935622886E-08 1.1792253478E-07 7.5606383050E-08 2.5833327335E-01 -2.5832129348E-01 -2.5740328789E-07 1.4142414332E-07 2.5832129348E-01 2.5833327335E-01
152.00 3.8410132584E-01 -1.0049943564E-01 -3.5841995711E-08 -2.6555101057E-07 -1.0049943564E-01 3.8410132584E-01 -1.3400003267E-07 1.4140097851E-08 1.3171392181E-07 6.9302115480E-08 2.7070733789E-01 -2.5328092932E-01 -2.4830061639E-07 1.4336294272E-07 2.5328092932E-01 2.7070733789E-01
153.00 3.7736389846E-01 -6.8197098503E-02 -2.1252214863E-08 -2.6468965450E-07 -6.8197098503E-02 3.7736389846E-01 -1.3723237817E-07 -1.5574372462E-08 1.4560069966E-07 6.4432650083E-08 2.7750451616E-01 -2.4646279868E-01 -2.3445128711E-07 1.4345180456E-07 2.4646279868E-01 2.7750451616E-01
154.00 3.6762436456E-01 -3.2420326960E-02 -7.3135758499E-09 -2.6268781955E-07 -3.2420326960E-02 3.6762436456E-01 -1.3746714195E-07 -4.4516692000E-08 1.5917062642E-07 6.1186183178E-08 2.7825737507E-01 -2.3805341635E-01 -2.1606822472E-07 1.4176596590E-07 2.3805341635E-01 2.7825737507E-01
155.00 3.5562665917E-01 5.7557593190E-03 5.5300475766E-09 -2.5990547610E-07 5.7557593191E-03 3.5562665917E-01 -1.3454066134E-07 -7.2025378736E-08 1.7202192631E-07 5.9704685732E-08 2.7264962439E-01 -2.2825287351E-01 -1.9347269065E-07 1.3844125996E-07 2.2825287351E-01 2.7264962439E-01
156.00 3.4222429036E-01 4.5158409577E-02 1.6887401966E-08 -2.5672995854E-07 4.5158409577E-02 3.4222429036E-01 -1.2836754292E-07 -9.7487004067E-08 1.8377514961E-07 6.0079446316E-08 2.6052254461E-01 -2.1726984767E-01 -1.6707986298E-07 1.3366350451E-07 2.1726984767E-01 2.6052254461E-01
157.00 3.2834399940E-01 8.4561162510E-02 2.6433816455E-08 -2.5356100687E-07 8.4561162510E-02 3.2834399940E-01 -1.1894607624E-07 -1.2035317375E-07 1.9408397730E-07 6.2348246598E-08 2.4187635691E-01 -2.0531687633E-01 -1.3738140951E-07 1.2765603275E-07 2.0531687633E-01 2.4187635691E-01
158.00 3.1494593016E-01 1.2273021922E-01 3.3922528549E-08 -2.5079495720E-07 1.2273021922E-01 3.1494593016E-01 -1.0636134794E-07 -1.4015552293E-07 2.0264469259E-07 6.6494176049E-08 2.1686670388E-01 -1.9260598371E-01 -1.0492598566E-07 1.2066613814E-07 1.9260598371E-01 2.1686670388E-01
159.00 3.0298200638E-01 1.5847141515E-01 3.9192931460E-08 -2.4880875394E-07 1.5847141515E-01 3.0298200638E-01 -9.0785839714E-08 -1.5651825966E-07 2.0920409872E-07 7.2446030965E-08 1.8579659226E-01 -1.7934473249E-01 -7.0298664195E-08 1.1295123766E-07 1.7934473249E-01 1.8579659226E-01
160.00 2.9335429705E-01 1.9067590815E-01 4.2175420652E-08 -2.4794447410E-07 1.9067590815E-01 2.9335429705E-01 -7.2477369925E-08 -1.6916786866E-07 2.1356571929E-07 8.0080192823E-08 1.4910431022E-01 -1.6573275572E-01 -3.4100320290E-08 1.0476554590E-07 1.6573275572E-01 1.4910431022E-01
161.00 2.8687515480E-01 2.1836274777E-01 4.2892650359E-08 -2.4849504548E-07 2.1836274777E-01 2.8687515480E-01 -5.1774324187E-08 -1.7793968144E-07 2.1559417616E-07 8.9223840795E-08 1.0734796457E-01 -1.5195880800E-01 3.0720392353E-09 9.6347995545E-08 1.5195880800E-01 1.0734796457E-01
162.00 2.8423084071E-01 2.4071661430E-01 4.1457149714E-08 -2.5069178831E-07 2.4071661430E-01 2.8423084071E-01 -2.9088217662E-08 -1.8278111506E-07 2.1521769078E-07 9.9659331010E-08 6.1187382198E-02 -1.3819835987E-01 4.0643106710E-08 8.7912039726E-08 1.3819835987E-01 6.1187382198E-02
163.00 2.8595020417E-01 2.5711920899E-01 3.8065395284E-08 -2.5469433621E-07 2.5711920899E-01 2.8595020417E-01 -4.8937271187E-09 -1.8375149270E-07 2.1242870703E-07 1.1112955929E-07 1.1364182117E-02 -1.2461174503E-01 7.8074504801E-08 7.9637838644E-08 1.2461174503E-01 1.1364182117E-02
164.00 2.9237977485E-01 2.6717303097E-01 3.2988571551E-08 -2.6058338496E-07 2.6717303097E-01 2.9237977485E-01 2.0283562730E-08 -1.8101846645E-07 2.0728267790E-07 1.2334412567E-07 -4.1319153067E-02 -1.1134285721E-01 1.1487683365E-07 7.1667174285E-08 1.1134285721E-01 -4.1319153067E-02
165.00 3.0366635457E-01 2.7071658150E-01 2.6560391258E-08 -2.6835659052E-07 2.7071658150E-01 3.0366635457E-01 4.5881366579E-08 -1.7485117143E-07 1.9989510076E-07 1.3598612506E-07 -9.6020393567E-02 -9.8518381109E-02 1.5061815424E-07 6.4101258769E-08 9.8518381109E-02 -9.6020393567E-02
166.00 3.1974788162E-01 2.6783037873E-01 1.9162457170E-08 -2.7792779433E-07 2.6783037873E-01 3.1974788162E-01 7.1316430704E-08 -1.6561034425E-07 1.9043692262E-07 1.4871940368E-07 -1.5187810704E-01 -8.6247531145E-02 1.8492874575E-07 5.7001423284E-08 8.6247531144E-02 -1.5187810704E-01
167.00 3.4035299179E-01 2.5883353283E-01 1.1207754817E-08 -2.8912960122E-07 2.5883353283E-01 3.4035299179E-01 9.6001294972E-08 -1.5373573324E-07 1.7912847066E-07 1.6119613873E-07 -2.0803095765E-01 -7.4622261833E-02 2.1750219633E-07 5.0392494575E-08 7.4622261833E-02 -2.0803095765E-01
168.00 3.6500933454E-01 2.4427100685E-01 3.1229378664E-09 -3.0171918340E-07 2.4427100685E-01 3.6500933454E-01 1.1936152625E-07 -1.3973121333E-07 1.6623209396E-07 1.7306461660E-07 -2.6363519895E-01 -6.3717904761E-02 2.4809309876E-07 4.4268507436E-08 6.3717904761E-02 -2.6363519895E-01
169.00 3.9306033400E-01 2.2489205815E-01 -4.6698770391E-09 -3.1538703725E-07 2.2489205815E-01 3.9306033400E-01 1.4085283220E-07 -1.2414808902E-07 1.5204372866E-07 1.8397710174E-07 -3.1787993372E-01 -5.3594179553E-02 2.7651181068E-07 3.8600262113E-08 5.3594179553E-02 -3.1787993372E-01
170.00 4.2368972895E-01 2.0162070392E-01 -1.1771068076E-08 -3.2976828753E-07 2.0162070392E-01 4.2368972895E-01 1.5997744777E-07 -1.0756712296E-07 1.3688362358E-07 1.9359769910E-07 -3.6999986015E-01 -4.4296519753E-02 3.0261689594E-07 3.3344133652E-08 4.4296519753E-02 -3.6999986015E-01
171.00 4.5595289816E-01 1.7551936837E-01 -1.7820485371E-08 -3.4445602434E-07 1.7551936837E-01 4.5595289816E-01 1.7629919981E-07 -9.0579868385E-08 1.2108648327E-07 2.0161011886E-07 -4.1928537495E-01 -3.5857649428E-02 3.2630597871E-07 2.8451470208E-08 3.5857649428E-02 -4.1928537495E-01
172.00 4.8881369140E-01 1.4774713716E-01 -2.2512749930E-08 -3.5901607198E-07 1.4774713716E-01 4.8881369140E-01 1.8945669108E-07 -7.3769901155E-08 1.0499130211E-07 2.0772525100E-07 -4.6509005104E-01 -2.8299342495E-02 3.4750580996E-07 2.3877894366E-08 2.8299342495E-02 -4.6509005104E-01
173.00 5.2118525393E-01 1.1951425502E-01 -2.5610242379E-08 -3.7300253564E-07 1.1951425502E-01 5.2118525393E-01 1.9917410473E-07 -5.7694550347E-08 8.8931176156E-08 2.1168844856E-07 -5.0683564304E-01 -2.1634294585E-02 3.6616236316E-07 1.9591836475E-08 2.1634294585E-02 -5.0683564304E-01
174.00 5.5197316274E-01 9.2034648502E-02 -2.6953237293E-08 -3.8597344891E-07 9.2034648502E-02 5.5197316274E-01 2.0526921544E-07 -4.2867707803E-08 7.3223383544E-08 2.1328640549E-07 -5.4401489068E-01 -1.5868036573E-02 3.8223174244E-07 1.5581687391E-08 1.5868036573E-02 -5.4401489068E-01
175.00 5.8011909425E-01 6.6478331790E-02 -2.6466754888E-08 -3.9750585804E-07 6.6478331790E-02 5.8011909425E-01 2.0765829395E-07 -2.9744263376E-08 5.8160026339E-08 2.1235349665E-07 -5.7619248249E-01 -1.1000819996E-02 3.9567260640E-07 1.1861051308E-08 1.1000819996E-02 -5.7619248249E-01
176.00 6.0464321806E-01 4.3925555976E-02 -2.4163831797E-08 -4.0720971986E-07 4.3925555976E-02 6.0464321806E-01 2.0635771101E-07 -1.8706658293E-08 4.3999516929E-08 2.0877742915E-07 -6.0300460538E-01 -7.0294073593E-03 4.0644068446E-07 8.4717059063E-09 7.0294073593E-03 -6.0300460538E-01
177.00 6.2468356263E-01 2.5324492836E-02 -2.0145058456E-08 -4.1474006463E-07 2.5324492836E-02 6.2468356263E-01 2.0148217386E-07 -1.0053983110E-08 3.0959175742E-08 2.0250403597E-07 -6.2415753718E-01 -3.9487048821E-03 4.1448580696E-07 5.4840243502E-09 3.9487048821E-03 -6.2415753718E-01
178.00 6.3953072254E-01 1.1454104593E-02 -1.4594383770E-08 -4.1980697094E-07 1.1454104593E-02 6.3953072254E-01 1.9323966077E-07 -3.9939635882E-09 1.9209181334E-08 1.9354102976E-07 -6.3942573839E-01 -1.7531814676E-03 4.1975168480E-07 2.9947777719E-09 1.7531814676E-03 -6.3942573839E-01
179.00 6.4865646920E-01 2.8936477961E-03 -7.7713411069E-09 -4.2218301521E-07 2.8936477961E-03 6.4865646920E-01 1.8192325056E-07 -6.3808435965E-10 8.8680777001E-09 1.8196052839E-07 -6.4864986701E-01 -4.3802546640E-04 4.2217847732E-07 1.1224053152E-09 4.3802546639E-04 -6.4864986701E-01
180.00 6.5173507902E-01 -4.4408921277E-16 1.1052297654E-17 -4.2170798992E-07 -4.4408920693E-16 6.5173507902E-01 1.6790016777E-07 -4.6370818697E-18 -1.1053012338E-17 1.6790016777E-07 -6.5173507902E-01 8.8817842268E-16 4.2170798992E-07 -4.6371612791E-18 -8.8817841672E-16 -6.5173507902E-01
